Lat,Long,Alt_m,Alt_dif,Date,hour,Diftime,SP-POI,dist_Km,dist_m,speed_m,speed_km,Week_day,user,transp
40.007885,116.319583,-7,-57,2009-06-03,6:43:2,-35227,-,0.01,11.01,-0.0,-0.0,2,000,Stopped
40.00766,116.319699,22,29,2009-06-03,6:43:7,5,-,0.03,26.9,5.38,19.37,2,000,Bycicl/Car
40.007476,116.319741,32,10,2009-06-03,6:43:12,5,-,0.02,20.77,4.15,14.94,2,000,Bycicl/Car
40.007348,116.31988,41,9,2009-06-03,6:43:17,5,-,0.02,18.51,3.7,13.32,2,000,Bycicl/Car
40.007364,116.320102,43,2,2009-06-03,6:43:22,5,-,0.02,18.99,3.8,13.68,2,000,Bycicl/Car
40.007386,116.320318,36,-7,2009-06-03,6:43:27,5,-,0.02,18.56,3.71,13.36,2,000,Bycicl/Car
40.007405,116.320519,39,3,2009-06-03,6:43:32,5,-,0.02,17.25,3.45,12.42,2,000,Bycicl/Car
40.007417,116.320735,41,2,2009-06-03,6:43:37,5,-,0.02,18.45,3.69,13.28,2,000,Bycicl/Car
40.007431,116.320954,44,3,2009-06-03,6:43:42,5,-,0.02,18.72,3.74,13.46,2,000,Bycicl/Car
40.007379,116.321165,46,2,2009-06-03,6:43:47,5,-,0.02,18.88,3.78,13.61,2,000,Bycicl/Car
40.007138,116.321225,50,4,2009-06-03,6:43:52,5,-,0.03,27.28,5.46,19.66,2,000,Bycicl/Car
40.006893,116.321278,56,6,2009-06-03,6:43:57,5,-,0.03,27.61,5.52,19.87,2,000,Bycicl/Car
40.006676,116.321329,63,7,2009-06-03,6:44:2,5,-,0.02,24.52,4.9,17.64,2,000,Bycicl/Car
40.006497,116.32127,68,5,2009-06-03,6:44:7,5,-,0.02,20.53,4.11,14.8,2,000,Bycicl/Car
40.006355,116.321212,73,5,2009-06-03,6:44:12,5,-,0.02,16.54,3.31,11.92,2,000,Running
40.006171,116.321194,75,2,2009-06-03,6:44:17,5,-,0.02,20.52,4.1,14.76,2,000,Bycicl/Car
40.006025,116.321219,78,3,2009-06-03,6:44:22,5,-,0.02,16.37,3.27,11.77,2,000,Running
40.005861,116.321189,78,0,2009-06-03,6:44:27,5,-,0.02,18.41,3.68,13.25,2,000,Bycicl/Car
40.005714,116.321145,77,-1,2009-06-03,6:44:32,5,-,0.02,16.77,3.35,12.06,2,000,Bycicl/Car
40.005488,116.321081,78,1,2009-06-03,6:44:37,5,-,0.03,25.71,5.14,18.5,2,000,Bycicl/Car
40.005327,116.32104,82,4,2009-06-03,6:44:42,5,-,0.02,18.24,3.65,13.14,2,000,Bycicl/Car
40.005143,116.321164,80,-2,2009-06-03,6:44:47,5,-,0.02,23.03,4.61,16.6,2,000,Bycicl/Car
40.004992,116.321235,80,0,2009-06-03,6:44:52,5,-,0.02,17.85,3.57,12.85,2,000,Bycicl/Car
40.00483,116.321184,70,-10,2009-06-03,6:44:57,5,-,0.02,18.53,3.71,13.36,2,000,Bycicl/Car
40.004691,116.321235,67,-3,2009-06-03,6:45:2,5,-,0.02,16.05,3.21,11.56,2,000,Running
40.004513,116.321284,70,3,2009-06-03,6:45:7,5,-,0.02,20.23,4.05,14.58,2,000,Bycicl/Car
40.00434,116.321349,69,-1,2009-06-03,6:45:12,5,-,0.02,20.02,4.0,14.4,2,000,Bycicl/Car
40.004177,116.321416,70,1,2009-06-03,6:45:17,5,-,0.02,19.0,3.8,13.68,2,000,Bycicl/Car
40.004007,116.321406,72,2,2009-06-03,6:45:22,5,-,0.02,18.92,3.78,13.61,2,000,Bycicl/Car
40.003876,116.321411,71,-1,2009-06-03,6:45:27,5,-,0.01,14.57,2.91,10.48,2,000,Running
40.003697,116.321407,72,1,2009-06-03,6:45:32,5,-,0.02,19.91,3.98,14.33,2,000,Bycicl/Car
40.003546,116.321363,71,-1,2009-06-03,6:45:37,5,-,0.02,17.2,3.44,12.38,2,000,Bycicl/Car
40.003366,116.321356,68,-3,2009-06-03,6:45:42,5,-,0.02,20.02,4.0,14.4,2,000,Bycicl/Car
40.003171,116.321372,64,-4,2009-06-03,6:45:47,5,-,0.02,21.73,4.35,15.66,2,000,Bycicl/Car
40.002985,116.32142,63,-1,2009-06-03,6:45:52,5,-,0.02,21.08,4.22,15.19,2,000,Bycicl/Car
40.00281,116.321445,56,-7,2009-06-03,6:45:57,5,-,0.02,19.58,3.92,14.11,2,000,Bycicl/Car
40.002623,116.321465,54,-2,2009-06-03,6:46:2,5,-,0.02,20.86,4.17,15.01,2,000,Bycicl/Car
40.002456,116.321488,52,-2,2009-06-03,6:46:7,5,-,0.02,18.67,3.73,13.43,2,000,Bycicl/Car
40.002285,116.321513,50,-2,2009-06-03,6:46:12,5,-,0.02,19.13,3.83,13.79,2,000,Bycicl/Car
40.002102,116.321466,48,-2,2009-06-03,6:46:17,5,-,0.02,20.74,4.15,14.94,2,000,Bycicl/Car
40.001905,116.321491,47,-1,2009-06-03,6:46:22,5,-,0.02,22.01,4.4,15.84,2,000,Bycicl/Car
40.001736,116.321498,46,-1,2009-06-03,6:46:27,5,-,0.02,18.8,3.76,13.54,2,000,Bycicl/Car
40.00151,116.321512,46,0,2009-06-03,6:46:32,5,-,0.03,25.16,5.03,18.11,2,000,Bycicl/Car
40.00126,116.321548,43,-3,2009-06-03,6:46:37,5,-,0.03,27.97,5.59,20.12,2,000,Metro
40.001017,116.321562,41,-2,2009-06-03,6:46:42,5,-,0.03,27.05,5.41,19.48,2,000,Bycicl/Car
40.000817,116.321571,40,-1,2009-06-03,6:46:47,5,-,0.02,22.25,4.45,16.02,2,000,Bycicl/Car
40.00062,116.321605,37,-3,2009-06-03,6:46:52,5,-,0.02,22.1,4.42,15.91,2,000,Bycicl/Car
40.000407,116.321627,35,-2,2009-06-03,6:46:57,5,-,0.02,23.76,4.75,17.1,2,000,Bycicl/Car
40.000125,116.321665,35,0,2009-06-03,6:47:2,5,-,0.03,31.52,6.3,22.68,2,000,Metro
39.999938,116.321793,40,5,2009-06-03,6:47:7,5,-,0.02,23.48,4.7,16.92,2,000,Bycicl/Car
39.999787,116.322076,39,-1,2009-06-03,6:47:12,5,-,0.03,29.38,5.88,21.17,2,000,Metro
39.99977,116.322342,37,-2,2009-06-03,6:47:17,5,-,0.02,22.74,4.55,16.38,2,000,Bycicl/Car
39.999748,116.322571,36,-1,2009-06-03,6:47:22,5,-,0.02,19.66,3.93,14.15,2,000,Bycicl/Car
39.999731,116.322808,35,-1,2009-06-03,6:47:27,5,-,0.02,20.28,4.06,14.62,2,000,Bycicl/Car
39.999743,116.323041,35,0,2009-06-03,6:47:32,5,-,0.02,19.89,3.98,14.33,2,000,Bycicl/Car
39.999746,116.323299,35,0,2009-06-03,6:47:37,5,-,0.02,21.98,4.4,15.84,2,000,Bycicl/Car
39.999799,116.323522,37,2,2009-06-03,6:47:42,5,-,0.02,19.89,3.98,14.33,2,000,Bycicl/Car
39.999798,116.323699,40,3,2009-06-03,6:47:47,5,-,0.02,15.08,3.02,10.87,2,000,Running
39.999805,116.323947,44,4,2009-06-03,6:47:52,5,-,0.02,21.14,4.23,15.23,2,000,Bycicl/Car
39.999835,116.324158,46,2,2009-06-03,6:47:57,5,-,0.02,18.28,3.66,13.18,2,000,Bycicl/Car
39.999878,116.324329,48,2,2009-06-03,6:48:2,5,-,0.02,15.33,3.07,11.05,2,000,Running
39.999842,116.324634,49,1,2009-06-03,6:48:7,5,-,0.03,26.29,5.26,18.94,2,000,Bycicl/Car
39.9998,116.325088,47,-2,2009-06-03,6:48:12,5,-,0.04,38.95,7.79,28.04,2,000,Car City
39.999815,116.325376,49,2,2009-06-03,6:48:17,5,-,0.02,24.59,4.92,17.71,2,000,Bycicl/Car
39.999772,116.32567,54,5,2009-06-03,6:48:22,5,-,0.03,25.5,5.1,18.36,2,000,Bycicl/Car
39.999761,116.325912,59,5,2009-06-03,6:48:27,5,-,0.02,20.65,4.13,14.87,2,000,Bycicl/Car
39.999746,116.326151,60,1,2009-06-03,6:48:32,5,-,0.02,20.43,4.09,14.72,2,000,Bycicl/Car
39.999737,116.326416,65,5,2009-06-03,6:48:37,5,-,0.02,22.6,4.52,16.27,2,000,Bycicl/Car
39.999788,116.326681,69,4,2009-06-03,6:48:42,5,-,0.02,23.27,4.65,16.74,2,000,Bycicl/Car
39.999837,116.326912,73,4,2009-06-03,6:48:47,5,-,0.02,20.42,4.08,14.69,2,000,Bycicl/Car
39.999919,116.327082,74,1,2009-06-03,6:48:52,5,-,0.02,17.11,3.42,12.31,2,000,Bycicl/Car
40.000027,116.327156,76,2,2009-06-03,6:48:57,5,-,0.01,13.56,2.71,9.76,2,000,Running
40.00003,116.327195,77,1,2009-06-03,6:49:2,5,-,0.0,3.34,0.67,2.41,2,000,Walking
40.000031,116.327185,77,0,2009-06-03,6:49:7,5,-,0.0,0.86,0.17,0.61,2,000,Stopped
40.000018,116.327157,78,1,2009-06-03,6:49:12,5,-,0.0,2.79,0.56,2.02,2,000,Walking
39.999996,116.32707,77,-1,2009-06-03,6:49:17,5,-,0.01,7.8,1.56,5.62,2,000,Running
39.999996,116.32707,77,0,2009-06-03,6:49:20,3,-,0.0,0.0,0.0,0.0,2,000,Stopped
39.999995,116.327065,77,0,2009-06-03,6:49:22,2,-,0.0,0.44,0.22,0.79,2,000,Stopped
39.999972,116.327057,77,0,2009-06-03,6:49:27,5,-,0.0,2.65,0.53,1.91,2,000,Stopped
39.999976,116.327048,78,1,2009-06-03,6:49:32,5,-,0.0,0.89,0.18,0.65,2,000,Stopped
39.999969,116.327038,77,-1,2009-06-03,6:49:37,5,-,0.0,1.15,0.23,0.83,2,000,Stopped
39.999933,116.327077,77,0,2009-06-03,6:49:42,5,-,0.01,5.2,1.04,3.74,2,000,Walking
39.999909,116.327129,77,0,2009-06-03,6:49:47,5,-,0.01,5.17,1.03,3.71,2,000,Walking
39.99984,116.327197,76,-1,2009-06-03,6:49:52,5,-,0.01,9.61,1.92,6.91,2,000,Running
39.999778,116.327241,76,0,2009-06-03,6:49:57,5,-,0.01,7.85,1.57,5.65,2,000,Running
39.999715,116.327248,75,-1,2009-06-03,6:50:2,5,-,0.01,7.03,1.41,5.08,2,000,Running
39.999845,116.327056,65,-10,2009-06-03,9:7:36,8254,POI,0.02,21.83,0.0,0.0,2,000,Stopped
39.999887,116.327071,55,-10,2009-06-03,9:7:41,5,-,0.0,4.84,0.97,3.49,2,000,Walking
40.000061,116.327073,45,-10,2009-06-03,9:7:46,5,-,0.02,19.35,3.87,13.93,2,000,Bycicl/Car
40.0001,116.327085,42,-3,2009-06-03,9:7:51,5,-,0.0,4.46,0.89,3.2,2,000,Walking
40.000158,116.327108,43,1,2009-06-03,9:7:56,5,-,0.01,6.74,1.35,4.86,2,000,Running
40.000215,116.327102,42,-1,2009-06-03,9:8:1,5,-,0.01,6.36,1.27,4.57,2,000,Running
40.000258,116.327104,45,3,2009-06-03,9:8:6,5,-,0.0,4.78,0.96,3.46,2,000,Walking
40.0003,116.327097,45,0,2009-06-03,9:8:11,5,-,0.0,4.71,0.94,3.38,2,000,Walking
40.00034,116.3271,46,1,2009-06-03,9:8:16,5,-,0.0,4.46,0.89,3.2,2,000,Walking
40.000438,116.327133,47,1,2009-06-03,9:8:21,5,-,0.01,11.25,2.25,8.1,2,000,Running
40.000512,116.327099,49,2,2009-06-03,9:8:26,5,-,0.01,8.72,1.74,6.26,2,000,Running
40.000564,116.327028,52,3,2009-06-03,9:8:31,5,-,0.01,8.37,1.67,6.01,2,000,Running
40.000562,116.326961,55,3,2009-06-03,9:8:36,5,-,0.01,5.71,1.14,4.1,2,000,Running
40.000564,116.326921,57,2,2009-06-03,9:8:41,5,-,0.0,3.41,0.68,2.45,2,000,Walking
40.000566,116.326892,59,2,2009-06-03,9:8:46,5,-,0.0,2.48,0.5,1.8,2,000,Stopped
40.00055,116.32689,60,1,2009-06-03,9:8:51,5,-,0.0,1.79,0.36,1.3,2,000,Stopped
40.000509,116.326914,63,3,2009-06-03,9:8:56,5,-,0.0,5.0,1.0,3.6,2,000,Walking
40.000508,116.326941,64,1,2009-06-03,9:9:1,5,-,0.0,2.3,0.46,1.66,2,000,Stopped
40.000514,116.326964,67,3,2009-06-03,9:9:6,5,-,0.0,2.07,0.41,1.48,2,000,Stopped
40.000554,116.326999,68,1,2009-06-03,9:9:11,5,-,0.01,5.35,1.07,3.85,2,000,Walking
40.000628,116.327077,72,4,2009-06-03,9:9:16,5,-,0.01,10.58,2.12,7.63,2,000,Running
40.0007,116.327125,74,2,2009-06-03,9:9:21,5,-,0.01,8.99,1.8,6.48,2,000,Running
40.000801,116.327233,76,2,2009-06-03,9:9:26,5,-,0.01,14.52,2.9,10.44,2,000,Running
40.000905,116.327063,76,0,2009-06-03,9:9:31,5,-,0.02,18.53,3.71,13.36,2,000,Bycicl/Car
40.000953,116.327046,77,1,2009-06-03,9:9:36,5,-,0.01,5.53,1.11,4.0,2,000,Running
40.001018,116.326978,80,3,2009-06-03,9:9:41,5,-,0.01,9.26,1.85,6.66,2,000,Running
40.001067,116.326878,78,-2,2009-06-03,9:9:46,5,-,0.01,10.11,2.02,7.27,2,000,Running
40.001086,116.326771,78,0,2009-06-03,9:9:51,5,-,0.01,9.36,1.87,6.73,2,000,Running
40.001092,116.326695,78,0,2009-06-03,9:9:56,5,-,0.01,6.51,1.3,4.68,2,000,Running
40.001157,116.326604,79,1,2009-06-03,9:10:1,5,-,0.01,10.6,2.12,7.63,2,000,Running
40.001191,116.326521,80,1,2009-06-03,9:10:6,5,-,0.01,8.02,1.6,5.76,2,000,Running
40.001235,116.326501,82,2,2009-06-03,9:10:11,5,-,0.01,5.18,1.04,3.74,2,000,Walking
40.001291,116.32646,84,2,2009-06-03,9:10:16,5,-,0.01,7.14,1.43,5.15,2,000,Running
40.001367,116.326424,85,1,2009-06-03,9:10:21,5,-,0.01,8.99,1.8,6.48,2,000,Running
40.001428,116.326408,87,2,2009-06-03,9:10:26,5,-,0.01,6.92,1.38,4.97,2,000,Running
40.001534,116.326377,87,0,2009-06-03,9:10:31,5,-,0.01,12.08,2.42,8.71,2,000,Running
40.001642,116.32637,88,1,2009-06-03,9:10:36,5,-,0.01,12.02,2.4,8.64,2,000,Running
40.001722,116.326346,90,2,2009-06-03,9:10:41,5,-,0.01,9.13,1.83,6.59,2,000,Running
40.001832,116.326343,90,0,2009-06-03,9:10:46,5,-,0.01,12.23,2.45,8.82,2,000,Running
40.001966,116.326368,90,0,2009-06-03,9:10:51,5,-,0.02,15.05,3.01,10.84,2,000,Running
40.00207,116.326368,89,-1,2009-06-03,9:10:56,5,-,0.01,11.56,2.31,8.32,2,000,Running
40.002169,116.326351,89,0,2009-06-03,9:11:1,5,-,0.01,11.1,2.22,7.99,2,000,Running
40.002255,116.326259,91,2,2009-06-03,9:11:6,5,-,0.01,12.36,2.47,8.89,2,000,Running
40.002277,116.326142,92,1,2009-06-03,9:11:11,5,-,0.01,10.26,2.05,7.38,2,000,Running
40.002275,116.326026,94,2,2009-06-03,9:11:16,5,-,0.01,9.88,1.98,7.13,2,000,Running
40.002273,116.325913,95,1,2009-06-03,9:11:21,5,-,0.01,9.63,1.93,6.95,2,000,Running
40.002282,116.325796,90,-5,2009-06-03,9:11:26,5,-,0.01,10.02,2.0,7.2,2,000,Running
40.002324,116.32573,83,-7,2009-06-03,9:11:31,5,-,0.01,7.31,1.46,5.26,2,000,Running
40.002384,116.325677,74,-9,2009-06-03,9:11:36,5,-,0.01,8.06,1.61,5.8,2,000,Running
40.002384,116.325558,69,-5,2009-06-03,9:11:41,5,-,0.01,10.14,2.03,7.31,2,000,Running
40.002378,116.325431,68,-1,2009-06-03,9:11:46,5,-,0.01,10.84,2.17,7.81,2,000,Running
40.002373,116.325293,67,-1,2009-06-03,9:11:51,5,-,0.01,11.77,2.35,8.46,2,000,Running
40.002404,116.325185,65,-2,2009-06-03,9:11:56,5,-,0.01,9.82,1.96,7.06,2,000,Running
40.002511,116.325134,61,-4,2009-06-03,9:12:1,5,-,0.01,12.67,2.53,9.11,2,000,Running
40.002617,116.325093,60,-1,2009-06-03,9:12:6,5,-,0.01,12.29,2.46,8.86,2,000,Running
40.002709,116.325077,56,-4,2009-06-03,9:12:11,5,-,0.01,10.32,2.06,7.42,2,000,Running
40.002813,116.325098,52,-4,2009-06-03,9:12:16,5,-,0.01,11.7,2.34,8.42,2,000,Running
40.002909,116.325089,47,-5,2009-06-03,9:12:21,5,-,0.01,10.7,2.14,7.7,2,000,Running
40.003018,116.3251,47,0,2009-06-03,9:12:26,5,-,0.01,12.16,2.43,8.75,2,000,Running
40.003135,116.32512,44,-3,2009-06-03,9:12:31,5,-,0.01,13.12,2.62,9.43,2,000,Running
40.003236,116.325119,41,-3,2009-06-03,9:12:36,5,-,0.01,11.23,2.25,8.1,2,000,Running
40.003337,116.325109,37,-4,2009-06-03,9:12:41,5,-,0.01,11.26,2.25,8.1,2,000,Running
40.003423,116.325107,40,3,2009-06-03,9:12:46,5,-,0.01,9.56,1.91,6.88,2,000,Running
40.003447,116.325027,43,3,2009-06-03,9:12:51,5,-,0.01,7.32,1.46,5.26,2,000,Running
40.003474,116.324903,43,0,2009-06-03,9:12:56,5,-,0.01,10.98,2.2,7.92,2,000,Running
40.003476,116.32477,43,0,2009-06-03,9:13:1,5,-,0.01,11.33,2.27,8.17,2,000,Running
40.003473,116.324662,44,1,2009-06-03,9:13:6,5,-,0.01,9.21,1.84,6.62,2,000,Running
40.003461,116.324547,43,-1,2009-06-03,9:13:11,5,-,0.01,9.89,1.98,7.13,2,000,Running
40.003494,116.32447,42,-1,2009-06-03,9:13:16,5,-,0.01,7.52,1.5,5.4,2,000,Running
40.003547,116.324392,42,0,2009-06-03,9:13:21,5,-,0.01,8.88,1.78,6.41,2,000,Running
40.003607,116.324373,43,1,2009-06-03,9:13:26,5,-,0.01,6.87,1.37,4.93,2,000,Running
40.003686,116.324357,41,-2,2009-06-03,9:13:31,5,-,0.01,8.89,1.78,6.41,2,000,Running
40.003794,116.324339,42,1,2009-06-03,9:13:36,5,-,0.01,12.11,2.42,8.71,2,000,Running
40.003944,116.324281,40,-2,2009-06-03,9:13:41,5,-,0.02,17.4,3.48,12.53,2,000,Bycicl/Car
40.004101,116.324224,43,3,2009-06-03,9:13:46,5,-,0.02,18.12,3.62,13.03,2,000,Bycicl/Car
40.004278,116.324174,48,5,2009-06-03,9:13:51,5,-,0.02,20.14,4.03,14.51,2,000,Bycicl/Car
40.004423,116.324153,52,4,2009-06-03,9:13:56,5,-,0.02,16.22,3.24,11.66,2,000,Running
40.004532,116.324177,56,4,2009-06-03,9:14:1,5,-,0.01,12.29,2.46,8.86,2,000,Running
40.004678,116.324157,58,2,2009-06-03,9:14:6,5,-,0.02,16.32,3.26,11.74,2,000,Running
40.004825,116.324189,60,2,2009-06-03,9:14:11,5,-,0.02,16.57,3.31,11.92,2,000,Running
40.004985,116.324185,57,-3,2009-06-03,9:14:16,5,-,0.02,17.79,3.56,12.82,2,000,Bycicl/Car
40.005186,116.324112,52,-5,2009-06-03,9:14:21,5,-,0.02,23.2,4.64,16.7,2,000,Bycicl/Car
40.005352,116.324105,52,0,2009-06-03,9:14:26,5,-,0.02,18.47,3.69,13.28,2,000,Bycicl/Car
40.005507,116.324167,50,-2,2009-06-03,9:14:31,5,-,0.02,18.03,3.61,13.0,2,000,Bycicl/Car
40.005672,116.324276,45,-5,2009-06-03,9:14:36,5,-,0.02,20.56,4.11,14.8,2,000,Bycicl/Car
40.005741,116.324258,45,0,2009-06-03,9:14:41,5,-,0.01,7.82,1.56,5.62,2,000,Running
40.005861,116.324096,47,2,2009-06-03,9:14:46,5,-,0.02,19.19,3.84,13.82,2,000,Bycicl/Car
40.006005,116.324105,50,3,2009-06-03,9:14:51,5,-,0.02,16.03,3.21,11.56,2,000,Running
40.006108,116.324141,53,3,2009-06-03,9:14:56,5,-,0.01,11.86,2.37,8.53,2,000,Running
40.006266,116.324248,51,-2,2009-06-03,9:15:1,5,-,0.02,19.79,3.96,14.26,2,000,Bycicl/Car
40.006406,116.324303,52,1,2009-06-03,9:15:6,5,-,0.02,16.26,3.25,11.7,2,000,Running
40.006628,116.324253,49,-3,2009-06-03,9:15:11,5,-,0.03,25.05,5.01,18.04,2,000,Bycicl/Car
40.006782,116.324179,49,0,2009-06-03,9:15:16,5,-,0.02,18.25,3.65,13.14,2,000,Bycicl/Car
40.006941,116.32418,47,-2,2009-06-03,9:15:21,5,-,0.02,17.68,3.54,12.74,2,000,Bycicl/Car
40.007078,116.324193,48,1,2009-06-03,9:15:26,5,-,0.02,15.27,3.05,10.98,2,000,Running
40.007207,116.32417,46,-2,2009-06-03,9:15:31,5,-,0.01,14.48,2.9,10.44,2,000,Running
40.007331,116.324159,46,0,2009-06-03,9:15:36,5,-,0.01,13.82,2.76,9.94,2,000,Running
40.007432,116.324125,46,0,2009-06-03,9:15:41,5,-,0.01,11.6,2.32,8.35,2,000,Running
40.007552,116.324109,46,0,2009-06-03,9:15:46,5,-,0.01,13.41,2.68,9.65,2,000,Running
40.007714,116.324121,43,-3,2009-06-03,9:15:51,5,-,0.02,18.04,3.61,13.0,2,000,Bycicl/Car
40.007833,116.324082,45,2,2009-06-03,9:15:56,5,-,0.01,13.64,2.73,9.83,2,000,Running
40.007986,116.324084,44,-1,2009-06-03,9:16:1,5,-,0.02,17.01,3.4,12.24,2,000,Bycicl/Car
40.008125,116.324063,44,0,2009-06-03,9:16:6,5,-,0.02,15.56,3.11,11.2,2,000,Running
40.008254,116.32408,37,-7,2009-06-03,9:16:11,5,-,0.01,14.42,2.88,10.37,2,000,Running
40.008416,116.324086,37,0,2009-06-03,9:16:16,5,-,0.02,18.02,3.6,12.96,2,000,Bycicl/Car
40.008554,116.32409,30,-7,2009-06-03,9:16:21,5,-,0.02,15.35,3.07,11.05,2,000,Running
40.008703,116.32408,26,-4,2009-06-03,9:16:26,5,-,0.02,16.59,3.32,11.95,2,000,Running
40.008856,116.324079,25,-1,2009-06-03,9:16:31,5,-,0.02,17.01,3.4,12.24,2,000,Bycicl/Car
40.008979,116.324066,29,4,2009-06-03,9:16:36,5,-,0.01,13.72,2.74,9.86,2,000,Running
40.009109,116.324047,29,0,2009-06-03,9:16:41,5,-,0.01,14.55,2.91,10.48,2,000,Running
40.00923,116.324044,31,2,2009-06-03,9:16:46,5,-,0.01,13.46,2.69,9.68,2,000,Running
40.009367,116.324043,32,1,2009-06-03,9:16:51,5,-,0.02,15.23,3.05,10.98,2,000,Running
40.009467,116.324004,36,4,2009-06-03,9:16:56,5,-,0.01,11.61,2.32,8.35,2,000,Running
40.009542,116.323928,39,3,2009-06-03,9:17:1,5,-,0.01,10.56,2.11,7.6,2,000,Running
40.009563,116.323777,40,1,2009-06-03,9:17:6,5,-,0.01,13.07,2.61,9.4,2,000,Running
40.009595,116.323589,45,5,2009-06-03,9:17:11,5,-,0.02,16.4,3.28,11.81,2,000,Running
40.009618,116.323423,43,-2,2009-06-03,9:17:16,5,-,0.01,14.37,2.87,10.33,2,000,Running
40.009622,116.323298,39,-4,2009-06-03,9:17:21,5,-,0.01,10.66,2.13,7.67,2,000,Running
40.009619,116.32316,39,0,2009-06-03,9:17:26,5,-,0.01,11.76,2.35,8.46,2,000,Running
40.009604,116.323011,39,0,2009-06-03,9:17:31,5,-,0.01,12.8,2.56,9.22,2,000,Running
40.009616,116.322879,39,0,2009-06-03,9:17:36,5,-,0.01,11.32,2.26,8.14,2,000,Running
40.009611,116.322735,42,3,2009-06-03,9:17:41,5,-,0.01,12.28,2.46,8.86,2,000,Running
40.009642,116.322593,42,0,2009-06-03,9:17:46,5,-,0.01,12.58,2.52,9.07,2,000,Running
40.009717,116.322535,41,-1,2009-06-03,9:17:51,5,-,0.01,9.69,1.94,6.98,2,000,Running
40.009807,116.322537,38,-3,2009-06-03,9:17:56,5,-,0.01,10.01,2.0,7.2,2,000,Running
40.009881,116.322513,39,1,2009-06-03,9:18:1,5,-,0.01,8.48,1.7,6.12,2,000,Running
40.009896,116.322357,41,2,2009-06-03,9:18:6,5,-,0.01,13.39,2.68,9.65,2,000,Running
40.009972,116.322321,42,1,2009-06-03,9:18:11,5,-,0.01,8.99,1.8,6.48,2,000,Running
40.009998,116.322327,44,2,2009-06-03,9:18:16,5,-,0.0,2.94,0.59,2.12,2,000,Walking
40.010015,116.322357,46,2,2009-06-03,9:18:21,5,-,0.0,3.18,0.64,2.3,2,000,Walking
40.010025,116.322354,47,1,2009-06-03,9:18:26,5,-,0.0,1.14,0.23,0.83,2,000,Stopped
40.010025,116.322355,47,0,2009-06-03,9:18:31,5,-,0.0,0.09,0.02,0.07,2,000,Stopped
40.010026,116.322356,47,0,2009-06-03,9:18:36,5,-,0.0,0.14,0.03,0.11,2,000,Stopped
40.01003,116.322356,47,0,2009-06-03,9:18:41,5,-,0.0,0.44,0.09,0.32,2,000,Stopped
40.01003,116.322356,47,0,2009-06-03,9:18:44,3,-,0.0,0.0,0.0,0.0,2,000,Stopped
40.010036,116.322354,47,0,2009-06-03,9:18:46,2,-,0.0,0.69,0.34,1.22,2,000,Stopped
40.010062,116.32235,47,0,2009-06-03,9:18:51,5,-,0.0,2.91,0.58,2.09,2,000,Walking
40.010091,116.322345,47,0,2009-06-03,9:18:56,5,-,0.0,3.25,0.65,2.34,2,000,Walking
40.010109,116.322326,48,1,2009-06-03,9:19:1,5,-,0.0,2.57,0.51,1.84,2,000,Stopped
40.010127,116.322327,48,0,2009-06-03,9:19:6,5,-,0.0,2.0,0.4,1.44,2,000,Stopped
40.010135,116.322327,48,0,2009-06-03,9:19:11,5,-,0.0,0.89,0.18,0.65,2,000,Stopped
40.010141,116.322323,48,0,2009-06-03,9:19:16,5,-,0.0,0.75,0.15,0.54,2,000,Stopped
40.010144,116.322319,48,0,2009-06-03,9:19:21,5,-,0.0,0.48,0.1,0.36,2,000,Stopped
40.010144,116.322319,48,0,2009-06-03,9:19:24,3,-,0.0,0.0,0.0,0.0,2,000,Stopped
40.010142,116.322321,48,0,2009-06-03,9:19:26,2,-,0.0,0.28,0.14,0.5,2,000,Stopped
40.010381,116.323089,70,22,2009-06-03,9:19:56,30,-,0.07,70.6,2.35,8.46,2,000,Running
40.01011,116.323154,43,-27,2009-06-03,9:20:1,5,-,0.03,30.64,6.13,22.07,2,000,Metro
40.010008,116.3231,44,1,2009-06-03,9:20:6,5,-,0.01,12.24,2.45,8.82,2,000,Running
40.009981,116.323053,45,1,2009-06-03,9:20:11,5,-,0.01,5.0,1.0,3.6,2,000,Walking
40.010077,116.322875,45,0,2009-06-03,9:20:16,5,-,0.02,18.54,3.71,13.36,2,000,Bycicl/Car
40.010247,116.32246,45,0,2009-06-03,9:20:21,5,-,0.04,40.08,8.02,28.87,2,000,Car City
40.010254,116.32235,45,0,2009-06-03,9:20:26,5,-,0.01,9.4,1.88,6.77,2,000,Running
40.010222,116.322287,45,0,2009-06-03,9:20:31,5,-,0.01,6.44,1.29,4.64,2,000,Running
40.010216,116.322202,46,1,2009-06-03,9:20:36,5,-,0.01,7.27,1.45,5.22,2,000,Running
40.009318,116.320948,115,69,2009-06-03,9:22:41,125,-,0.15,146.21,1.17,4.21,2,000,Running
40.009838,116.321545,95,-20,2009-06-03,9:22:46,5,-,0.08,77.0,15.4,55.44,2,000,Car City
40.009851,116.321698,55,-40,2009-06-03,9:22:51,5,-,0.01,13.11,2.62,9.43,2,000,Running
40.009652,116.321557,51,-4,2009-06-03,9:22:56,5,-,0.03,25.18,5.04,18.14,2,000,Bycicl/Car
40.009551,116.32144,51,0,2009-06-03,9:23:1,5,-,0.02,15.01,3.0,10.8,2,000,Running
40.009418,116.321279,51,0,2009-06-03,9:23:6,5,-,0.02,20.17,4.03,14.51,2,000,Bycicl/Car
40.009293,116.321116,51,0,2009-06-03,9:23:11,5,-,0.02,19.64,3.93,14.15,2,000,Bycicl/Car
40.009261,116.321009,52,1,2009-06-03,9:23:16,5,-,0.01,9.78,1.96,7.06,2,000,Running
40.009328,116.321074,53,1,2009-06-03,9:23:21,5,-,0.01,9.28,1.86,6.7,2,000,Running
40.00939,116.321058,54,1,2009-06-03,9:23:26,5,-,0.01,7.03,1.41,5.08,2,000,Running
40.009318,116.321058,53,-1,2009-06-03,9:23:31,5,-,0.01,8.01,1.6,5.76,2,000,Running
40.009318,116.321078,53,0,2009-06-03,9:23:36,5,-,0.0,1.7,0.34,1.22,2,000,Stopped
40.009316,116.321083,53,0,2009-06-03,9:23:41,5,-,0.0,0.48,0.1,0.36,2,000,Stopped
40.009319,116.321086,53,0,2009-06-03,9:23:46,5,-,0.0,0.42,0.08,0.29,2,000,Stopped
40.009319,116.321086,53,0,2009-06-03,9:23:49,3,-,0.0,0.0,0.0,0.0,2,000,Stopped
40.00932,116.321088,53,0,2009-06-03,9:23:51,2,-,0.0,0.2,0.1,0.36,2,000,Stopped
40.009342,116.321105,53,0,2009-06-03,9:23:56,5,-,0.0,2.84,0.57,2.05,2,000,Walking
40.009424,116.321222,53,0,2009-06-03,9:24:1,5,-,0.01,13.51,2.7,9.72,2,000,Running
40.009653,116.321424,52,-1,2009-06-03,9:24:16,15,-,0.03,30.73,2.05,7.38,2,000,Running
40.009653,116.321424,52,0,2009-06-03,9:24:19,3,-,0.0,0.0,0.0,0.0,2,000,Stopped
40.00966,116.321425,52,0,2009-06-03,9:24:21,2,-,0.0,0.78,0.39,1.4,2,000,Stopped
40.009644,116.321463,51,-1,2009-06-03,9:24:26,5,-,0.0,3.69,0.74,2.66,2,000,Walking
40.009627,116.321465,51,0,2009-06-03,9:24:31,5,-,0.0,1.9,0.38,1.37,2,000,Stopped
40.009622,116.321446,51,0,2009-06-03,9:24:36,5,-,0.0,1.71,0.34,1.22,2,000,Stopped
40.009617,116.321451,51,0,2009-06-03,9:24:41,5,-,0.0,0.7,0.14,0.5,2,000,Stopped
40.009615,116.321456,51,0,2009-06-03,9:24:46,5,-,0.0,0.48,0.1,0.36,2,000,Stopped
40.009615,116.321456,51,0,2009-06-03,9:24:49,3,-,0.0,0.0,0.0,0.0,2,000,Stopped
40.009619,116.321462,51,0,2009-06-03,9:24:51,2,-,0.0,0.68,0.34,1.22,2,000,Stopped
40.009622,116.321471,51,0,2009-06-03,9:24:56,5,-,0.0,0.84,0.17,0.61,2,000,Stopped
40.009863,116.321591,50,-1,2009-06-03,9:25:1,5,-,0.03,28.68,5.74,20.66,2,000,Metro
40.010075,116.321782,50,0,2009-06-03,9:25:6,5,-,0.03,28.64,5.73,20.63,2,000,Metro
40.01018,116.321877,49,-1,2009-06-03,9:25:11,5,-,0.01,14.2,2.84,10.22,2,000,Running
40.010217,116.321914,49,0,2009-06-03,9:25:16,5,-,0.01,5.18,1.04,3.74,2,000,Walking
40.010257,116.321996,49,0,2009-06-03,9:25:21,5,-,0.01,8.28,1.66,5.98,2,000,Running
40.010325,116.32208,49,0,2009-06-03,9:25:26,5,-,0.01,10.41,2.08,7.49,2,000,Running
40.010395,116.322151,49,0,2009-06-03,9:25:31,5,-,0.01,9.86,1.97,7.09,2,000,Running
40.01048,116.322291,49,0,2009-06-03,9:25:36,5,-,0.02,15.22,3.04,10.94,2,000,Running
40.010595,116.32245,49,0,2009-06-03,9:25:41,5,-,0.02,18.63,3.73,13.43,2,000,Bycicl/Car
40.010712,116.322494,49,0,2009-06-03,9:25:46,5,-,0.01,13.54,2.71,9.76,2,000,Running
40.011023,116.322624,50,1,2009-06-03,9:25:56,10,-,0.04,36.31,3.63,13.07,2,000,Bycicl/Car
40.011123,116.322696,50,0,2009-06-03,9:26:1,5,-,0.01,12.7,2.54,9.14,2,000,Running
40.011191,116.322806,50,0,2009-06-03,9:26:6,5,-,0.01,12.04,2.41,8.68,2,000,Running
40.011283,116.322891,50,0,2009-06-03,9:26:11,5,-,0.01,12.53,2.51,9.04,2,000,Running
40.011372,116.322986,50,0,2009-06-03,9:26:16,5,-,0.01,12.78,2.56,9.22,2,000,Running
40.011457,116.323066,50,0,2009-06-03,9:26:21,5,-,0.01,11.65,2.33,8.39,2,000,Running
40.011591,116.323173,51,1,2009-06-03,9:26:26,5,-,0.02,17.47,3.49,12.56,2,000,Bycicl/Car
40.011744,116.323266,51,0,2009-06-03,9:26:31,5,-,0.02,18.77,3.75,13.5,2,000,Bycicl/Car
40.011837,116.323308,51,0,2009-06-03,9:26:36,5,-,0.01,10.94,2.19,7.88,2,000,Running
40.01177,116.323295,51,0,2009-06-03,9:26:41,5,-,0.01,7.53,1.51,5.44,2,000,Running
40.011565,116.323177,51,0,2009-06-03,9:26:46,5,-,0.02,24.91,4.98,17.93,2,000,Bycicl/Car
40.01137,116.323047,51,0,2009-06-03,9:26:51,5,-,0.02,24.35,4.87,17.53,2,000,Bycicl/Car
40.011333,116.323013,51,0,2009-06-03,9:26:56,5,-,0.01,5.03,1.01,3.64,2,000,Walking
40.011199,116.322937,51,0,2009-06-03,9:27:1,5,-,0.02,16.25,3.25,11.7,2,000,Running
40.0108,116.322424,51,0,2009-06-03,9:27:6,5,-,0.06,62.27,12.45,44.82,2,000,Car City
40.010714,116.322335,51,0,2009-06-03,9:27:11,5,-,0.01,12.2,2.44,8.78,2,000,Running
40.010678,116.322316,51,0,2009-06-03,9:27:16,5,-,0.0,4.32,0.86,3.1,2,000,Walking
40.010648,116.322322,51,0,2009-06-03,9:27:21,5,-,0.0,3.37,0.67,2.41,2,000,Walking
40.010626,116.322306,51,0,2009-06-03,9:27:26,5,-,0.0,2.8,0.56,2.02,2,000,Walking
40.010557,116.32225,51,0,2009-06-03,9:27:31,5,-,0.01,9.03,1.81,6.52,2,000,Running
40.010792,116.322291,49,-2,2009-06-03,9:32:36,305,SP,0.03,26.36,0.09,0.32,2,000,Stopped
40.01085,116.322308,49,0,2009-06-03,9:32:41,5,-,0.01,6.61,1.32,4.75,2,000,Running
40.010849,116.322279,49,0,2009-06-03,9:32:46,5,-,0.0,2.47,0.49,1.76,2,000,Stopped
40.010827,116.322219,49,0,2009-06-03,9:32:51,5,-,0.01,5.67,1.13,4.07,2,000,Running
40.010819,116.322192,49,0,2009-06-03,9:32:56,5,-,0.0,2.47,0.49,1.76,2,000,Stopped
40.010882,116.322159,49,0,2009-06-03,9:33:1,5,-,0.01,7.55,1.51,5.44,2,000,Running
40.010951,116.322117,49,0,2009-06-03,9:33:6,5,-,0.01,8.47,1.69,6.08,2,000,Running
40.011011,116.322096,49,0,2009-06-03,9:33:11,5,-,0.01,6.91,1.38,4.97,2,000,Running
40.011072,116.322165,49,0,2009-06-03,9:33:16,5,-,0.01,8.97,1.79,6.44,2,000,Running
40.011096,116.322246,49,0,2009-06-03,9:33:21,5,-,0.01,7.4,1.48,5.33,2,000,Running
40.011119,116.32236,49,0,2009-06-03,9:33:26,5,-,0.01,10.04,2.01,7.24,2,000,Running
40.011124,116.322387,49,0,2009-06-03,9:33:31,5,-,0.0,2.37,0.47,1.69,2,000,Stopped
40.011105,116.32238,49,0,2009-06-03,9:33:36,5,-,0.0,2.2,0.44,1.58,2,000,Stopped
40.011044,116.322426,49,0,2009-06-03,9:33:41,5,-,0.01,7.83,1.57,5.65,2,000,Running
40.010938,116.32243,49,0,2009-06-03,9:33:46,5,-,0.01,11.79,2.36,8.5,2,000,Running
40.010882,116.322472,49,0,2009-06-03,9:33:51,5,-,0.01,7.18,1.44,5.18,2,000,Running
40.010845,116.322501,49,0,2009-06-03,9:33:56,5,-,0.0,4.8,0.96,3.46,2,000,Walking
40.010786,116.322423,49,0,2009-06-03,9:34:1,5,-,0.01,9.34,1.87,6.73,2,000,Running
40.010764,116.322413,49,0,2009-06-03,9:34:6,5,-,0.0,2.59,0.52,1.87,2,000,Stopped
40.010698,116.322428,49,0,2009-06-03,9:34:11,5,-,0.01,7.45,1.49,5.36,2,000,Running
40.010682,116.322409,49,0,2009-06-03,9:34:16,5,-,0.0,2.4,0.48,1.73,2,000,Stopped
40.010667,116.32238,49,0,2009-06-03,9:34:21,5,-,0.0,2.98,0.6,2.16,2,000,Walking
40.010615,116.322327,48,-1,2009-06-03,9:34:26,5,-,0.01,7.34,1.47,5.29,2,000,Running
40.01063,116.322362,48,0,2009-06-03,9:34:31,5,-,0.0,3.42,0.68,2.45,2,000,Walking
40.010634,116.32239,48,0,2009-06-03,9:34:36,5,-,0.0,2.43,0.49,1.76,2,000,Stopped
40.010651,116.322341,48,0,2009-06-03,9:34:41,5,-,0.0,4.58,0.92,3.31,2,000,Walking
40.010542,116.32229,49,1,2009-06-03,9:34:46,5,-,0.01,12.88,2.58,9.29,2,000,Running
40.010369,116.322216,51,2,2009-06-03,9:34:51,5,-,0.02,20.24,4.05,14.58,2,000,Bycicl/Car
40.010352,116.322209,51,0,2009-06-03,9:34:56,5,-,0.0,1.98,0.4,1.44,2,000,Stopped
40.010268,116.322155,53,2,2009-06-03,9:35:1,5,-,0.01,10.41,2.08,7.49,2,000,Running
40.010185,116.322095,54,1,2009-06-03,9:35:6,5,-,0.01,10.55,2.11,7.6,2,000,Running
40.010165,116.322075,54,0,2009-06-03,9:35:11,5,-,0.0,2.8,0.56,2.02,2,000,Walking
40.010179,116.322056,55,1,2009-06-03,9:35:16,5,-,0.0,2.25,0.45,1.62,2,000,Stopped
40.010204,116.322043,55,0,2009-06-03,9:35:21,5,-,0.0,2.99,0.6,2.16,2,000,Walking
40.010242,116.322032,56,1,2009-06-03,9:35:26,5,-,0.0,4.33,0.87,3.13,2,000,Walking
40.010256,116.322033,57,1,2009-06-03,9:35:31,5,-,0.0,1.56,0.31,1.12,2,000,Stopped
40.010271,116.322018,59,2,2009-06-03,9:35:36,5,-,0.0,2.1,0.42,1.51,2,000,Stopped
40.01031,116.321999,60,1,2009-06-03,9:35:41,5,-,0.0,4.63,0.93,3.35,2,000,Walking
40.010305,116.322032,61,1,2009-06-03,9:35:46,5,-,0.0,2.86,0.57,2.05,2,000,Walking
40.010299,116.322049,62,1,2009-06-03,9:35:51,5,-,0.0,1.59,0.32,1.15,2,000,Stopped
40.010302,116.322047,62,0,2009-06-03,9:35:56,5,-,0.0,0.37,0.07,0.25,2,000,Stopped
40.010302,116.322047,62,0,2009-06-03,9:35:59,3,-,0.0,0.0,0.0,0.0,2,000,Stopped
40.010305,116.322043,62,0,2009-06-03,9:36:1,2,-,0.0,0.48,0.24,0.86,2,000,Stopped
40.010292,116.322037,63,1,2009-06-03,9:36:6,5,-,0.0,1.53,0.31,1.12,2,000,Stopped
40.010282,116.322043,64,1,2009-06-03,9:36:11,5,-,0.0,1.22,0.24,0.86,2,000,Stopped
40.010286,116.322039,64,0,2009-06-03,9:36:16,5,-,0.0,0.56,0.11,0.4,2,000,Stopped
40.010286,116.322039,64,0,2009-06-03,9:36:19,3,-,0.0,0.0,0.0,0.0,2,000,Stopped
40.010282,116.322042,64,0,2009-06-03,9:36:21,2,-,0.0,0.51,0.26,0.94,2,000,Stopped
40.01026,116.322065,64,0,2009-06-03,9:36:26,5,-,0.0,3.13,0.63,2.27,2,000,Walking
40.010224,116.322094,65,1,2009-06-03,9:36:31,5,-,0.0,4.7,0.94,3.38,2,000,Walking
40.010202,116.322082,66,1,2009-06-03,9:36:36,5,-,0.0,2.65,0.53,1.91,2,000,Stopped
40.0102,116.322072,66,0,2009-06-03,9:36:41,5,-,0.0,0.88,0.18,0.65,2,000,Stopped
40.0102,116.322072,66,0,2009-06-03,9:36:44,3,-,0.0,0.0,0.0,0.0,2,000,Stopped
40.010205,116.322066,66,0,2009-06-03,9:36:46,2,-,0.0,0.76,0.38,1.37,2,000,Stopped
40.010234,116.321983,64,-2,2009-06-03,9:36:51,5,-,0.01,7.77,1.55,5.58,2,000,Running
40.010249,116.321905,64,0,2009-06-03,9:36:56,5,-,0.01,6.85,1.37,4.93,2,000,Running
40.010267,116.321859,65,1,2009-06-03,9:37:1,5,-,0.0,4.4,0.88,3.17,2,000,Walking
40.010247,116.321881,64,-1,2009-06-03,9:37:6,5,-,0.0,2.91,0.58,2.09,2,000,Walking
40.010232,116.321911,64,0,2009-06-03,9:37:11,5,-,0.0,3.05,0.61,2.2,2,000,Walking
40.010229,116.321915,64,0,2009-06-03,9:37:16,5,-,0.0,0.48,0.1,0.36,2,000,Stopped
40.010226,116.321918,64,0,2009-06-03,9:37:21,5,-,0.0,0.42,0.08,0.29,2,000,Stopped
40.010227,116.321917,64,0,2009-06-03,9:37:26,5,-,0.0,0.14,0.03,0.11,2,000,Stopped
40.010231,116.321915,64,0,2009-06-03,9:37:31,5,-,0.0,0.48,0.1,0.36,2,000,Stopped
40.010227,116.32192,64,0,2009-06-03,9:37:36,5,-,0.0,0.62,0.12,0.43,2,000,Stopped
40.010229,116.321921,64,0,2009-06-03,9:37:41,5,-,0.0,0.24,0.05,0.18,2,000,Stopped
40.010231,116.321922,64,0,2009-06-03,9:37:46,5,-,0.0,0.24,0.05,0.18,2,000,Stopped
40.010226,116.321928,64,0,2009-06-03,9:37:51,5,-,0.0,0.76,0.15,0.54,2,000,Stopped
40.010226,116.321928,64,0,2009-06-03,9:37:54,3,-,0.0,0.0,0.0,0.0,2,000,Stopped
40.010226,116.321929,64,0,2009-06-03,9:37:56,2,-,0.0,0.09,0.04,0.14,2,000,Stopped
40.010261,116.321931,64,0,2009-06-03,9:38:1,5,-,0.0,3.9,0.78,2.81,2,000,Walking
40.010234,116.321978,64,0,2009-06-03,9:38:6,5,-,0.01,5.0,1.0,3.6,2,000,Walking
40.010228,116.322,64,0,2009-06-03,9:38:11,5,-,0.0,1.99,0.4,1.44,2,000,Stopped
40.010228,116.322,64,0,2009-06-03,9:38:14,3,-,0.0,0.0,0.0,0.0,2,000,Stopped
40.010231,116.322002,64,0,2009-06-03,9:38:16,2,-,0.0,0.37,0.18,0.65,2,000,Stopped
40.010268,116.322058,65,1,2009-06-03,9:38:21,5,-,0.01,6.3,1.26,4.54,2,000,Running
40.010315,116.322073,65,0,2009-06-03,9:38:26,5,-,0.01,5.38,1.08,3.89,2,000,Walking
40.010333,116.322068,65,0,2009-06-03,9:38:31,5,-,0.0,2.05,0.41,1.48,2,000,Stopped
40.010365,116.322034,64,-1,2009-06-03,9:38:41,10,-,0.0,4.59,0.46,1.66,2,000,Stopped
40.010373,116.322047,64,0,2009-06-03,9:38:46,5,-,0.0,1.42,0.28,1.01,2,000,Stopped
40.010369,116.322046,64,0,2009-06-03,9:38:51,5,-,0.0,0.45,0.09,0.32,2,000,Stopped
40.010368,116.322049,64,0,2009-06-03,9:38:56,5,-,0.0,0.28,0.06,0.22,2,000,Stopped
40.010368,116.322049,64,0,2009-06-03,9:38:59,3,-,0.0,0.0,0.0,0.0,2,000,Stopped
40.010368,116.32205,64,0,2009-06-03,9:39:1,2,-,0.0,0.09,0.04,0.14,2,000,Stopped
40.010317,116.322059,64,0,2009-06-03,9:39:6,5,-,0.01,5.72,1.14,4.1,2,000,Running
40.010231,116.322126,64,0,2009-06-03,9:39:11,5,-,0.01,11.14,2.23,8.03,2,000,Running
40.010194,116.322164,65,1,2009-06-03,9:39:16,5,-,0.01,5.23,1.05,3.78,2,000,Walking
40.010017,116.322322,69,4,2009-06-03,9:39:21,5,-,0.02,23.84,4.77,17.17,2,000,Bycicl/Car
40.010093,116.322321,67,-2,2009-06-03,9:39:26,5,-,0.01,8.45,1.69,6.08,2,000,Running
40.010062,116.322473,67,0,2009-06-03,9:39:31,5,-,0.01,13.4,2.68,9.65,2,000,Running
40.010091,116.322405,65,-2,2009-06-03,9:39:36,5,-,0.01,6.63,1.33,4.79,2,000,Running
40.010111,116.322395,65,0,2009-06-03,9:39:41,5,-,0.0,2.38,0.48,1.73,2,000,Stopped
40.01011,116.322396,64,-1,2009-06-03,9:39:46,5,-,0.0,0.14,0.03,0.11,2,000,Stopped
40.01011,116.322396,64,0,2009-06-03,9:39:49,3,-,0.0,0.0,0.0,0.0,2,000,Stopped
40.010111,116.322393,64,0,2009-06-03,9:39:51,2,-,0.0,0.28,0.14,0.5,2,000,Stopped
40.010107,116.322345,64,0,2009-06-03,9:39:56,5,-,0.0,4.11,0.82,2.95,2,000,Walking
40.010097,116.322377,63,-1,2009-06-03,9:40:1,5,-,0.0,2.94,0.59,2.12,2,000,Walking
40.01011,116.322424,61,-2,2009-06-03,9:40:6,5,-,0.0,4.26,0.85,3.06,2,000,Walking
40.010111,116.322432,61,0,2009-06-03,9:40:11,5,-,0.0,0.69,0.14,0.5,2,000,Stopped
40.010111,116.322432,61,0,2009-06-03,9:40:14,3,-,0.0,0.0,0.0,0.0,2,000,Stopped
40.010113,116.322431,61,0,2009-06-03,9:40:16,2,-,0.0,0.24,0.12,0.43,2,000,Stopped
40.010036,116.322522,60,-1,2009-06-03,9:40:21,5,-,0.01,11.55,2.31,8.32,2,000,Running
40.009935,116.322538,57,-3,2009-06-03,9:40:26,5,-,0.01,11.31,2.26,8.14,2,000,Running
40.009857,116.32258,56,-1,2009-06-03,9:40:31,5,-,0.01,9.38,1.88,6.77,2,000,Running
40.009749,116.322559,55,-1,2009-06-03,9:40:36,5,-,0.01,12.14,2.43,8.75,2,000,Running
40.009641,116.322509,53,-2,2009-06-03,9:40:41,5,-,0.01,12.74,2.55,9.18,2,000,Running
40.009585,116.322463,50,-3,2009-06-03,9:40:46,5,-,0.01,7.36,1.47,5.29,2,000,Running
40.009487,116.322403,48,-2,2009-06-03,9:40:51,5,-,0.01,12.04,2.41,8.68,2,000,Running
40.009397,116.322348,45,-3,2009-06-03,9:40:56,5,-,0.01,11.05,2.21,7.96,2,000,Running
40.009336,116.322259,44,-1,2009-06-03,9:41:1,5,-,0.01,10.17,2.03,7.31,2,000,Running
40.009256,116.322171,43,-1,2009-06-03,9:41:6,5,-,0.01,11.63,2.33,8.39,2,000,Running
40.00915,116.322086,42,-1,2009-06-03,9:41:11,5,-,0.01,13.83,2.77,9.97,2,000,Running
40.009071,116.322038,41,-1,2009-06-03,9:41:16,5,-,0.01,9.69,1.94,6.98,2,000,Running
40.008965,116.321977,41,0,2009-06-03,9:41:21,5,-,0.01,12.88,2.58,9.29,2,000,Running
40.008882,116.321907,39,-2,2009-06-03,9:41:26,5,-,0.01,10.99,2.2,7.92,2,000,Running
40.008919,116.321762,34,-5,2009-06-03,9:41:31,5,-,0.01,13.02,2.6,9.36,2,000,Running
40.008844,116.321683,31,-3,2009-06-03,9:41:36,5,-,0.01,10.72,2.14,7.7,2,000,Running
40.008793,116.321592,24,-7,2009-06-03,9:41:41,5,-,0.01,9.6,1.92,6.91,2,000,Running
40.008751,116.321486,20,-4,2009-06-03,9:41:46,5,-,0.01,10.16,2.03,7.31,2,000,Running
40.008663,116.321423,18,-2,2009-06-03,9:41:51,5,-,0.01,11.16,2.23,8.03,2,000,Running
40.00855,116.321382,16,-2,2009-06-03,9:41:56,5,-,0.01,13.04,2.61,9.4,2,000,Running
40.008403,116.32144,13,-3,2009-06-03,9:42:1,5,-,0.02,17.08,3.42,12.31,2,000,Bycicl/Car
40.008267,116.32152,12,-1,2009-06-03,9:42:6,5,-,0.02,16.59,3.32,11.95,2,000,Running
40.008171,116.321459,11,-1,2009-06-03,9:42:11,5,-,0.01,11.87,2.37,8.53,2,000,Running
40.008064,116.321426,11,0,2009-06-03,9:42:16,5,-,0.01,12.23,2.45,8.82,2,000,Running
40.007958,116.321467,11,0,2009-06-03,9:42:21,5,-,0.01,12.29,2.46,8.86,2,000,Running
40.007892,116.321422,11,0,2009-06-03,9:42:26,5,-,0.01,8.28,1.66,5.98,2,000,Running
40.00791,116.321162,11,0,2009-06-03,9:42:31,5,-,0.02,22.23,4.45,16.02,2,000,Bycicl/Car
40.007919,116.321019,10,-1,2009-06-03,9:42:36,5,-,0.01,12.22,2.44,8.78,2,000,Running
40.00792,116.320882,11,1,2009-06-03,9:42:41,5,-,0.01,11.67,2.33,8.39,2,000,Running
40.007909,116.320736,11,0,2009-06-03,9:42:46,5,-,0.01,12.49,2.5,9.0,2,000,Running
40.007789,116.320554,8,-3,2009-06-03,9:42:51,5,-,0.02,20.45,4.09,14.72,2,000,Bycicl/Car
40.007711,116.320516,9,1,2009-06-03,9:42:56,5,-,0.01,9.26,1.85,6.66,2,000,Running
40.007628,116.320475,12,3,2009-06-03,9:43:1,5,-,0.01,9.87,1.97,7.09,2,000,Running
40.007599,116.320381,12,0,2009-06-03,9:43:6,5,-,0.01,8.63,1.73,6.23,2,000,Running
40.007603,116.320272,12,0,2009-06-03,9:43:11,5,-,0.01,9.29,1.86,6.7,2,000,Running
40.007578,116.320163,14,2,2009-06-03,9:43:16,5,-,0.01,9.69,1.94,6.98,2,000,Running
40.007531,116.320037,14,0,2009-06-03,9:43:21,5,-,0.01,11.94,2.39,8.6,2,000,Running
40.00746,116.320027,19,5,2009-06-03,9:43:26,5,-,0.01,7.94,1.59,5.72,2,000,Running
40.007465,116.320003,20,1,2009-06-03,9:43:31,5,-,0.0,2.12,0.42,1.51,2,000,Stopped
40.007464,116.319995,21,1,2009-06-03,9:43:36,5,-,0.0,0.69,0.14,0.5,2,000,Stopped
40.00746,116.320002,24,3,2009-06-03,9:43:41,5,-,0.0,0.74,0.15,0.54,2,000,Stopped
40.007452,116.319997,25,1,2009-06-03,9:43:46,5,-,0.0,0.99,0.2,0.72,2,000,Stopped
40.007452,116.319997,25,0,2009-06-03,9:43:49,3,-,0.0,0.0,0.0,0.0,2,000,Stopped
40.007453,116.319994,25,0,2009-06-03,9:43:51,2,-,0.0,0.28,0.14,0.5,2,000,Stopped
40.007502,116.319877,26,1,2009-06-03,9:43:56,5,-,0.01,11.36,2.27,8.17,2,000,Running
40.007548,116.319827,27,1,2009-06-03,9:44:1,5,-,0.01,6.66,1.33,4.79,2,000,Running
40.007569,116.319822,28,1,2009-06-03,9:44:6,5,-,0.0,2.37,0.47,1.69,2,000,Stopped
40.007582,116.319804,28,0,2009-06-03,9:44:11,5,-,0.0,2.11,0.42,1.51,2,000,Stopped
40.007577,116.319778,28,0,2009-06-03,9:44:16,5,-,0.0,2.28,0.46,1.66,2,000,Stopped
40.007578,116.319776,28,0,2009-06-03,9:44:21,5,-,0.0,0.2,0.04,0.14,2,000,Stopped
40.007583,116.31977,28,0,2009-06-03,9:44:26,5,-,0.0,0.76,0.15,0.54,2,000,Stopped
40.007588,116.319765,28,0,2009-06-03,9:44:31,5,-,0.0,0.7,0.14,0.5,2,000,Stopped
40.007588,116.319765,28,0,2009-06-03,9:44:34,3,-,0.0,0.0,0.0,0.0,2,000,Stopped
40.007584,116.319767,28,0,2009-06-03,9:44:36,2,-,0.0,0.48,0.24,0.86,2,000,Stopped
40.00755,116.319795,28,0,2009-06-03,9:44:41,5,-,0.0,4.47,0.89,3.2,2,000,Walking
40.007533,116.319889,28,0,2009-06-03,9:44:46,5,-,0.01,8.23,1.65,5.94,2,000,Running
40.007539,116.31999,29,1,2009-06-03,9:44:51,5,-,0.01,8.63,1.73,6.23,2,000,Running
40.00754,116.320058,29,0,2009-06-03,9:44:56,5,-,0.01,5.79,1.16,4.18,2,000,Running
40.007548,116.320075,29,0,2009-06-03,9:45:1,5,-,0.0,1.7,0.34,1.22,2,000,Stopped
40.007532,116.320097,29,0,2009-06-03,9:45:6,5,-,0.0,2.58,0.52,1.87,2,000,Stopped
40.007511,116.320103,29,0,2009-06-03,9:45:11,5,-,0.0,2.39,0.48,1.73,2,000,Stopped
40.007488,116.320091,29,0,2009-06-03,9:45:16,5,-,0.0,2.75,0.55,1.98,2,000,Stopped
40.007479,116.320093,29,0,2009-06-03,9:45:21,5,-,0.0,1.02,0.2,0.72,2,000,Stopped
40.007472,116.320098,29,0,2009-06-03,9:45:26,5,-,0.0,0.89,0.18,0.65,2,000,Stopped
40.007469,116.320099,29,0,2009-06-03,9:45:31,5,-,0.0,0.34,0.07,0.25,2,000,Stopped
40.007464,116.320102,29,0,2009-06-03,9:45:36,5,-,0.0,0.61,0.12,0.43,2,000,Stopped
40.007464,116.320102,29,0,2009-06-03,9:45:39,3,-,0.0,0.0,0.0,0.0,2,000,Stopped
40.007456,116.320107,29,0,2009-06-03,9:45:41,2,-,0.0,0.99,0.49,1.76,2,000,Stopped
40.008422,116.320626,32,3,2009-06-03,9:55:38,597,SP,0.12,116.15,0.19,0.68,2,000,Stopped
40.008187,116.320471,25,-7,2009-06-03,9:55:44,6,-,0.03,29.28,4.88,17.57,2,000,Bycicl/Car
40.007087,116.319345,119,94,2009-06-03,9:55:50,6,-,0.16,155.43,25.91,93.28,2,000,Car Out
40.007341,116.31973,123,4,2009-06-03,9:55:56,6,-,0.04,43.28,7.21,25.96,2,000,Car City
40.007408,116.319949,124,1,2009-06-03,9:56:1,5,-,0.02,20.09,4.02,14.47,2,000,Bycicl/Car
40.007521,116.319919,115,-9,2009-06-03,9:56:6,5,-,0.01,12.82,2.56,9.22,2,000,Running
40.00745,116.319956,107,-8,2009-06-03,9:56:11,5,-,0.01,8.5,1.7,6.12,2,000,Running
40.007395,116.319926,93,-14,2009-06-03,9:56:16,5,-,0.01,6.63,1.33,4.79,2,000,Running
40.007291,116.320019,84,-9,2009-06-03,9:56:21,5,-,0.01,14.02,2.8,10.08,2,000,Running
40.007222,116.320225,79,-5,2009-06-03,9:56:26,5,-,0.02,19.15,3.83,13.79,2,000,Bycicl/Car
40.007228,116.3204,76,-3,2009-06-03,9:56:31,5,-,0.01,14.92,2.98,10.73,2,000,Running
40.007229,116.320586,74,-2,2009-06-03,9:56:36,5,-,0.02,15.84,3.17,11.41,2,000,Running
40.007257,116.320762,72,-2,2009-06-03,9:56:41,5,-,0.02,15.31,3.06,11.02,2,000,Running
40.007258,116.320933,71,-1,2009-06-03,9:56:46,5,-,0.01,14.56,2.91,10.48,2,000,Running
40.007425,116.321106,58,-13,2009-06-03,9:56:51,5,-,0.02,23.71,4.74,17.06,2,000,Bycicl/Car
40.007397,116.321204,51,-7,2009-06-03,9:56:56,5,-,0.01,8.91,1.78,6.41,2,000,Running
40.007263,116.32121,46,-5,2009-06-03,9:57:1,5,-,0.01,14.91,2.98,10.73,2,000,Running
40.00715,116.321235,47,1,2009-06-03,9:57:6,5,-,0.01,12.74,2.55,9.18,2,000,Running
40.007015,116.321218,49,2,2009-06-03,9:57:11,5,-,0.02,15.08,3.02,10.87,2,000,Running
40.006903,116.321217,51,2,2009-06-03,9:57:16,5,-,0.01,12.45,2.49,8.96,2,000,Running
40.006787,116.321225,54,3,2009-06-03,9:57:21,5,-,0.01,12.92,2.58,9.29,2,000,Running
40.006644,116.321222,57,3,2009-06-03,9:57:26,5,-,0.02,15.9,3.18,11.45,2,000,Running
40.006473,116.321233,59,2,2009-06-03,9:57:31,5,-,0.02,19.04,3.81,13.72,2,000,Bycicl/Car
40.00632,116.321261,62,3,2009-06-03,9:57:36,5,-,0.02,17.18,3.44,12.38,2,000,Bycicl/Car
40.006141,116.321283,63,1,2009-06-03,9:57:41,5,-,0.02,19.99,4.0,14.4,2,000,Bycicl/Car
40.005979,116.321328,64,1,2009-06-03,9:57:46,5,-,0.02,18.42,3.68,13.25,2,000,Bycicl/Car
40.005813,116.321307,63,-1,2009-06-03,9:57:51,5,-,0.02,18.54,3.71,13.36,2,000,Bycicl/Car
40.005658,116.321328,64,1,2009-06-03,9:57:56,5,-,0.02,17.33,3.47,12.49,2,000,Bycicl/Car
40.005513,116.321282,61,-3,2009-06-03,9:58:1,5,-,0.02,16.59,3.32,11.95,2,000,Running
40.005331,116.321315,60,-1,2009-06-03,9:58:6,5,-,0.02,20.43,4.09,14.72,2,000,Bycicl/Car
40.005152,116.321408,60,0,2009-06-03,9:58:11,5,-,0.02,21.42,4.28,15.41,2,000,Bycicl/Car
40.005026,116.321433,62,2,2009-06-03,9:58:16,5,-,0.01,14.17,2.83,10.19,2,000,Running
40.004941,116.321463,64,2,2009-06-03,9:58:21,5,-,0.01,9.79,1.96,7.06,2,000,Running
40.004835,116.321481,66,2,2009-06-03,9:58:26,5,-,0.01,11.89,2.38,8.57,2,000,Running
40.00465,116.3215,65,-1,2009-06-03,9:58:31,5,-,0.02,20.63,4.13,14.87,2,000,Bycicl/Car
40.004529,116.321499,64,-1,2009-06-03,9:58:36,5,-,0.01,13.45,2.69,9.68,2,000,Running
40.004375,116.321459,65,1,2009-06-03,9:58:41,5,-,0.02,17.46,3.49,12.56,2,000,Bycicl/Car
40.004254,116.321486,67,2,2009-06-03,9:58:46,5,-,0.01,13.65,2.73,9.83,2,000,Running
40.004137,116.32145,65,-2,2009-06-03,9:58:51,5,-,0.01,13.37,2.67,9.61,2,000,Running
40.004012,116.321482,65,0,2009-06-03,9:58:56,5,-,0.01,14.16,2.83,10.19,2,000,Running
40.003882,116.321514,67,2,2009-06-03,9:59:1,5,-,0.01,14.71,2.94,10.58,2,000,Running
40.003737,116.321514,67,0,2009-06-03,9:59:6,5,-,0.02,16.12,3.22,11.59,2,000,Running
40.003617,116.321519,68,1,2009-06-03,9:59:11,5,-,0.01,13.35,2.67,9.61,2,000,Running
40.003515,116.321532,69,1,2009-06-03,9:59:16,5,-,0.01,11.4,2.28,8.21,2,000,Running
40.003431,116.321673,66,-3,2009-06-03,9:59:21,5,-,0.02,15.21,3.04,10.94,2,000,Running
40.003417,116.321744,65,-1,2009-06-03,9:59:26,5,-,0.01,6.24,1.25,4.5,2,000,Running
40.003389,116.321881,67,2,2009-06-03,9:59:31,5,-,0.01,12.08,2.42,8.71,2,000,Running
40.003289,116.322101,65,-2,2009-06-03,9:59:36,5,-,0.02,21.79,4.36,15.7,2,000,Bycicl/Car
40.003289,116.322303,66,1,2009-06-03,9:59:41,5,-,0.02,17.21,3.44,12.38,2,000,Bycicl/Car
40.003298,116.322462,67,1,2009-06-03,9:59:46,5,-,0.01,13.58,2.72,9.79,2,000,Running
40.003294,116.322604,67,0,2009-06-03,9:59:51,5,-,0.01,12.1,2.42,8.71,2,000,Running
40.003314,116.322735,66,-1,2009-06-03,9:59:56,5,-,0.01,11.38,2.28,8.21,2,000,Running
40.003332,116.322872,65,-1,2009-06-03,10:0:1,5,-,0.01,11.84,2.37,8.53,2,000,Running
40.003314,116.32307,64,-1,2009-06-03,10:0:6,5,-,0.02,16.98,3.4,12.24,2,000,Bycicl/Car
40.003326,116.323249,63,-1,2009-06-03,10:0:11,5,-,0.02,15.3,3.06,11.02,2,000,Running
40.003329,116.32341,62,-1,2009-06-03,10:0:16,5,-,0.01,13.72,2.74,9.86,2,000,Running
40.003323,116.32359,62,0,2009-06-03,10:0:21,5,-,0.02,15.35,3.07,11.05,2,000,Running
40.003318,116.323793,62,0,2009-06-03,10:0:26,5,-,0.02,17.3,3.46,12.46,2,000,Bycicl/Car
40.003331,116.32396,61,-1,2009-06-03,10:0:31,5,-,0.01,14.3,2.86,10.3,2,000,Running
40.003379,116.324162,59,-2,2009-06-03,10:0:36,5,-,0.02,18.01,3.6,12.96,2,000,Bycicl/Car
40.003401,116.32438,57,-2,2009-06-03,10:0:41,5,-,0.02,18.73,3.75,13.5,2,000,Bycicl/Car
40.003455,116.324593,54,-3,2009-06-03,10:0:46,5,-,0.02,19.11,3.82,13.75,2,000,Bycicl/Car
40.003459,116.324794,52,-2,2009-06-03,10:0:51,5,-,0.02,17.13,3.43,12.35,2,000,Bycicl/Car
40.003431,116.324967,52,0,2009-06-03,10:0:56,5,-,0.02,15.06,3.01,10.84,2,000,Running
40.003422,116.325127,52,0,2009-06-03,10:1:1,5,-,0.01,13.66,2.73,9.83,2,000,Running
40.003298,116.325143,51,-1,2009-06-03,10:1:6,5,-,0.01,13.86,2.77,9.97,2,000,Running
40.003185,116.32513,51,0,2009-06-03,10:1:11,5,-,0.01,12.61,2.52,9.07,2,000,Running
40.003174,116.325091,50,-1,2009-06-03,10:1:16,5,-,0.0,3.54,0.71,2.56,2,000,Walking
40.003176,116.325092,50,0,2009-06-03,10:1:21,5,-,0.0,0.24,0.05,0.18,2,000,Stopped
40.003176,116.325092,50,0,2009-06-03,10:1:24,3,-,0.0,0.0,0.0,0.0,2,000,Stopped
40.003174,116.325092,50,0,2009-06-03,10:1:26,2,-,0.0,0.22,0.11,0.4,2,000,Stopped
40.003176,116.325058,50,0,2009-06-03,10:1:31,5,-,0.0,2.9,0.58,2.09,2,000,Walking
40.003181,116.325003,50,0,2009-06-03,10:1:36,5,-,0.0,4.72,0.94,3.38,2,000,Walking
40.003181,116.324924,50,0,2009-06-03,10:1:41,5,-,0.01,6.73,1.35,4.86,2,000,Running
40.003166,116.324854,52,2,2009-06-03,10:1:46,5,-,0.01,6.19,1.24,4.46,2,000,Running
40.003151,116.324786,53,1,2009-06-03,10:1:51,5,-,0.01,6.03,1.21,4.36,2,000,Running
40.003125,116.324744,55,2,2009-06-03,10:1:56,5,-,0.0,4.6,0.92,3.31,2,000,Walking
40.003104,116.325083,36,-19,2009-06-03,11:50:48,6532,POI,0.03,28.97,0.0,0.0,2,000,Stopped
40.003103,116.325105,36,0,2009-06-03,11:50:53,5,-,0.0,1.88,0.38,1.37,2,000,Stopped
40.003104,116.325132,36,0,2009-06-03,11:50:58,5,-,0.0,2.3,0.46,1.66,2,000,Stopped
40.003162,116.325165,36,0,2009-06-03,11:51:3,5,-,0.01,7.04,1.41,5.08,2,000,Running
40.003234,116.325177,37,1,2009-06-03,11:51:8,5,-,0.01,8.07,1.61,5.8,2,000,Running
40.003312,116.325171,37,0,2009-06-03,11:51:13,5,-,0.01,8.69,1.74,6.26,2,000,Running
40.003376,116.325099,39,2,2009-06-03,11:51:18,5,-,0.01,9.39,1.88,6.77,2,000,Running
40.003389,116.32496,40,1,2009-06-03,11:51:23,5,-,0.01,11.93,2.39,8.6,2,000,Running
40.003461,116.324791,42,2,2009-06-03,11:51:28,5,-,0.02,16.47,3.29,11.84,2,000,Running
40.003499,116.324654,44,2,2009-06-03,11:51:33,5,-,0.01,12.41,2.48,8.93,2,000,Running
40.003517,116.324613,46,2,2009-06-03,11:51:38,5,-,0.0,4.03,0.81,2.92,2,000,Walking
40.003528,116.324538,46,0,2009-06-03,11:51:43,5,-,0.01,6.5,1.3,4.68,2,000,Running
40.003551,116.324521,48,2,2009-06-03,11:51:48,5,-,0.0,2.94,0.59,2.12,2,000,Walking
40.003582,116.324488,49,1,2009-06-03,11:51:53,5,-,0.0,4.45,0.89,3.2,2,000,Walking
40.003577,116.32451,48,-1,2009-06-03,11:51:58,5,-,0.0,1.95,0.39,1.4,2,000,Stopped
40.003563,116.32451,47,-1,2009-06-03,11:52:3,5,-,0.0,1.56,0.31,1.12,2,000,Stopped
40.003563,116.32451,47,0,2009-06-03,11:52:6,3,-,0.0,0.0,0.0,0.0,2,000,Stopped
40.003566,116.324513,48,1,2009-06-03,11:52:8,2,-,0.0,0.42,0.21,0.76,2,000,Stopped
40.003567,116.324522,48,0,2009-06-03,11:52:13,5,-,0.0,0.77,0.15,0.54,2,000,Stopped
40.003438,116.324443,47,-1,2009-06-03,11:52:18,5,-,0.02,15.84,3.17,11.41,2,000,Running
40.003352,116.324539,48,1,2009-06-03,11:52:23,5,-,0.01,12.58,2.52,9.07,2,000,Running
40.00338,116.324529,49,1,2009-06-03,11:52:28,5,-,0.0,3.23,0.65,2.34,2,000,Walking
40.003416,116.324494,49,0,2009-06-03,11:52:33,5,-,0.0,4.99,1.0,3.6,2,000,Walking
40.003439,116.324482,50,1,2009-06-03,11:52:38,5,-,0.0,2.75,0.55,1.98,2,000,Stopped
40.003436,116.324516,50,0,2009-06-03,11:52:43,5,-,0.0,2.92,0.58,2.09,2,000,Walking
40.003515,116.324515,48,-2,2009-06-03,11:52:48,5,-,0.01,8.78,1.76,6.34,2,000,Running
40.003624,116.324502,47,-1,2009-06-03,11:52:53,5,-,0.01,12.17,2.43,8.75,2,000,Running
40.003694,116.324503,48,1,2009-06-03,11:52:58,5,-,0.01,7.78,1.56,5.62,2,000,Running
40.003764,116.324573,48,0,2009-06-03,11:53:3,5,-,0.01,9.8,1.96,7.06,2,000,Running
40.003887,116.324615,48,0,2009-06-03,11:53:8,5,-,0.01,14.14,2.83,10.19,2,000,Running
40.004187,116.32447,53,5,2009-06-03,11:53:13,5,-,0.04,35.57,7.11,25.6,2,000,Car City
40.004385,116.324394,56,3,2009-06-03,11:53:18,5,-,0.02,22.95,4.59,16.52,2,000,Bycicl/Car
40.004487,116.324381,61,5,2009-06-03,11:53:23,5,-,0.01,11.4,2.28,8.21,2,000,Running
40.004587,116.324403,66,5,2009-06-03,11:53:28,5,-,0.01,11.28,2.26,8.14,2,000,Running
40.004699,116.324473,70,4,2009-06-03,11:53:33,5,-,0.01,13.81,2.76,9.94,2,000,Running
40.004837,116.324488,76,6,2009-06-03,11:53:38,5,-,0.02,15.4,3.08,11.09,2,000,Running
40.004985,116.324452,81,5,2009-06-03,11:53:43,5,-,0.02,16.74,3.35,12.06,2,000,Bycicl/Car
40.005187,116.324388,79,-2,2009-06-03,11:53:48,5,-,0.02,23.11,4.62,16.63,2,000,Bycicl/Car
40.005311,116.324409,82,3,2009-06-03,11:53:53,5,-,0.01,13.9,2.78,10.01,2,000,Running
40.005334,116.32448,79,-3,2009-06-03,11:53:58,5,-,0.01,6.57,1.31,4.72,2,000,Running
40.005408,116.324512,78,-1,2009-06-03,11:54:3,5,-,0.01,8.67,1.73,6.23,2,000,Running
40.005536,116.324548,78,0,2009-06-03,11:54:8,5,-,0.01,14.56,2.91,10.48,2,000,Running
40.005766,116.324488,77,-1,2009-06-03,11:54:13,5,-,0.03,26.08,5.22,18.79,2,000,Bycicl/Car
40.006008,116.324347,75,-2,2009-06-03,11:54:18,5,-,0.03,29.47,5.89,21.2,2,000,Metro
40.006234,116.324285,71,-4,2009-06-03,11:54:23,5,-,0.03,25.68,5.14,18.5,2,000,Bycicl/Car
40.006425,116.32431,60,-11,2009-06-03,11:54:28,5,-,0.02,21.34,4.27,15.37,2,000,Bycicl/Car
40.006584,116.324302,56,-4,2009-06-03,11:54:33,5,-,0.02,17.69,3.54,12.74,2,000,Bycicl/Car
40.006678,116.32413,53,-3,2009-06-03,11:54:38,5,-,0.02,18.0,3.6,12.96,2,000,Bycicl/Car
40.006708,116.323874,50,-3,2009-06-03,11:54:43,5,-,0.02,22.06,4.41,15.88,2,000,Bycicl/Car
40.006685,116.323701,48,-2,2009-06-03,11:54:48,5,-,0.01,14.96,2.99,10.76,2,000,Running
40.006697,116.323439,49,1,2009-06-03,11:54:53,5,-,0.02,22.35,4.47,16.09,2,000,Bycicl/Car
40.006765,116.323206,50,1,2009-06-03,11:54:58,5,-,0.02,21.24,4.25,15.3,2,000,Bycicl/Car
40.006817,116.322977,50,0,2009-06-03,11:55:3,5,-,0.02,20.34,4.07,14.65,2,000,Bycicl/Car
40.006802,116.322744,48,-2,2009-06-03,11:55:8,5,-,0.02,19.92,3.98,14.33,2,000,Bycicl/Car
40.006801,116.32251,48,0,2009-06-03,11:55:13,5,-,0.02,19.93,3.99,14.36,2,000,Bycicl/Car
40.00691,116.322282,48,0,2009-06-03,11:55:18,5,-,0.02,22.89,4.58,16.49,2,000,Bycicl/Car
40.006997,116.322064,49,1,2009-06-03,11:55:23,5,-,0.02,20.94,4.19,15.08,2,000,Bycicl/Car
40.007036,116.321859,51,2,2009-06-03,11:55:28,5,-,0.02,17.99,3.6,12.96,2,000,Bycicl/Car
40.007037,116.321669,53,2,2009-06-03,11:55:33,5,-,0.02,16.18,3.24,11.66,2,000,Running
40.006921,116.321475,54,1,2009-06-03,11:55:38,5,-,0.02,20.96,4.19,15.08,2,000,Bycicl/Car
40.006889,116.321322,55,1,2009-06-03,11:55:43,5,-,0.01,13.51,2.7,9.72,2,000,Running
40.006895,116.321343,57,2,2009-06-03,11:55:48,5,-,0.0,1.91,0.38,1.37,2,000,Stopped
40.006911,116.321365,53,-4,2009-06-03,11:55:53,5,-,0.0,2.58,0.52,1.87,2,000,Stopped
40.006956,116.321308,51,-2,2009-06-03,11:55:58,5,-,0.01,6.97,1.39,5.0,2,000,Running
40.007025,116.32131,50,-1,2009-06-03,11:56:3,5,-,0.01,7.67,1.53,5.51,2,000,Running
40.00709,116.321321,49,-1,2009-06-03,11:56:8,5,-,0.01,7.29,1.46,5.26,2,000,Running
40.007173,116.321317,48,-1,2009-06-03,11:56:13,5,-,0.01,9.24,1.85,6.66,2,000,Running
40.007254,116.321269,49,1,2009-06-03,11:56:18,5,-,0.01,9.89,1.98,7.13,2,000,Running
40.007433,116.321028,49,0,2009-06-03,11:56:23,5,-,0.03,28.59,5.72,20.59,2,000,Metro
40.007534,116.320827,50,1,2009-06-03,11:56:28,5,-,0.02,20.47,4.09,14.72,2,000,Bycicl/Car
40.007548,116.320634,51,1,2009-06-03,11:56:33,5,-,0.02,16.51,3.3,11.88,2,000,Running
40.007564,116.320458,50,-1,2009-06-03,11:56:38,5,-,0.02,15.1,3.02,10.87,2,000,Running
40.007529,116.320319,50,0,2009-06-03,11:56:43,5,-,0.01,12.46,2.49,8.96,2,000,Running
40.007514,116.320146,51,1,2009-06-03,11:56:48,5,-,0.01,14.83,2.97,10.69,2,000,Running
40.007491,116.319983,52,1,2009-06-03,11:56:53,5,-,0.01,14.12,2.82,10.15,2,000,Running
40.007544,116.319926,54,2,2009-06-03,11:56:58,5,-,0.01,7.64,1.53,5.51,2,000,Running
40.007566,116.319916,54,0,2009-06-03,11:57:3,5,-,0.0,2.59,0.52,1.87,2,000,Stopped
40.007633,116.319876,53,-1,2009-06-03,11:57:8,5,-,0.01,8.19,1.64,5.9,2,000,Running
40.007554,116.319872,53,0,2009-06-03,11:57:13,5,-,0.01,8.79,1.76,6.34,2,000,Running
40.007544,116.319886,54,1,2009-06-03,11:57:18,5,-,0.0,1.63,0.33,1.19,2,000,Stopped
40.007549,116.319874,54,0,2009-06-03,11:57:23,5,-,0.0,1.16,0.23,0.83,2,000,Stopped
40.007559,116.31985,54,0,2009-06-03,11:57:28,5,-,0.0,2.33,0.47,1.69,2,000,Stopped
40.007548,116.319866,55,1,2009-06-03,11:57:33,5,-,0.0,1.83,0.37,1.33,2,000,Stopped
40.007537,116.319884,55,0,2009-06-03,11:57:38,5,-,0.0,1.96,0.39,1.4,2,000,Stopped
40.007535,116.319896,55,0,2009-06-03,11:57:43,5,-,0.0,1.05,0.21,0.76,2,000,Stopped
40.007537,116.319896,55,0,2009-06-03,11:57:48,5,-,0.0,0.22,0.04,0.14,2,000,Stopped
40.007532,116.319902,55,0,2009-06-03,11:57:53,5,-,0.0,0.76,0.15,0.54,2,000,Stopped
40.007532,116.319902,55,0,2009-06-03,11:57:56,3,-,0.0,0.0,0.0,0.0,2,000,Stopped
40.007528,116.319909,55,0,2009-06-03,11:57:58,2,-,0.0,0.74,0.37,1.33,2,000,Stopped
40.007607,116.319796,55,0,2009-06-03,11:58:3,5,-,0.01,13.03,2.61,9.4,2,000,Running
40.007706,116.319705,55,0,2009-06-03,11:58:8,5,-,0.01,13.46,2.69,9.68,2,000,Running
40.007767,116.319655,55,0,2009-06-03,11:58:13,5,-,0.01,8.01,1.6,5.76,2,000,Running
40.007804,116.3196,55,0,2009-06-03,11:58:18,5,-,0.01,6.23,1.25,4.5,2,000,Running
40.007843,116.319522,55,0,2009-06-03,11:58:23,5,-,0.01,7.93,1.59,5.72,2,000,Running
40.007851,116.319444,55,0,2009-06-03,11:58:28,5,-,0.01,6.7,1.34,4.82,2,000,Running
40.007853,116.319338,56,1,2009-06-03,11:58:33,5,-,0.01,9.03,1.81,6.52,2,000,Running
40.007835,116.319278,56,0,2009-06-03,11:58:35,2,-,0.01,5.49,2.75,9.9,2,000,Running
40.007826,116.319108,56,0,2009-06-03,11:58:40,5,-,0.01,14.51,2.9,10.44,2,000,Running
40.007841,116.318939,56,0,2009-06-03,11:58:45,5,-,0.01,14.49,2.9,10.44,2,000,Running
40.007842,116.318827,56,0,2009-06-03,11:58:50,5,-,0.01,9.54,1.91,6.88,2,000,Running
40.007837,116.318749,56,0,2009-06-03,11:58:55,5,-,0.01,6.67,1.33,4.79,2,000,Running
40.008603,116.31936,12,-44,2009-06-03,12:54:39,3344,POI,0.1,99.81,0.03,0.11,2,000,Stopped
40.00783,116.319743,13,1,2009-06-03,12:54:45,6,-,0.09,91.94,15.32,55.15,2,000,Car City
40.00768,116.319755,24,11,2009-06-03,12:54:50,5,-,0.02,16.71,3.34,12.02,2,000,Bycicl/Car
40.007662,116.319789,25,1,2009-06-03,12:54:55,5,-,0.0,3.52,0.7,2.52,2,000,Walking
40.007573,116.31982,31,6,2009-06-03,12:55:0,5,-,0.01,10.24,2.05,7.38,2,000,Running
40.007488,116.319814,33,2,2009-06-03,12:55:5,5,-,0.01,9.47,1.89,6.8,2,000,Running
40.007383,116.319877,34,1,2009-06-03,12:55:10,5,-,0.01,12.85,2.57,9.25,2,000,Running
40.007339,116.320035,36,2,2009-06-03,12:55:15,5,-,0.01,14.32,2.86,10.3,2,000,Running
40.007324,116.320193,40,4,2009-06-03,12:55:20,5,-,0.01,13.56,2.71,9.76,2,000,Running
40.007365,116.320351,43,3,2009-06-03,12:55:25,5,-,0.01,14.21,2.84,10.22,2,000,Running
40.007384,116.320512,45,2,2009-06-03,12:55:30,5,-,0.01,13.87,2.77,9.97,2,000,Running
40.00737,116.32069,47,2,2009-06-03,12:55:35,5,-,0.02,15.24,3.05,10.98,2,000,Running
40.007339,116.320867,49,2,2009-06-03,12:55:40,5,-,0.02,15.46,3.09,11.12,2,000,Running
40.007337,116.320997,52,3,2009-06-03,12:55:45,5,-,0.01,11.07,2.21,7.96,2,000,Running
40.007345,116.321115,56,4,2009-06-03,12:55:50,5,-,0.01,10.09,2.02,7.27,2,000,Running
40.007284,116.321208,60,4,2009-06-03,12:55:55,5,-,0.01,10.43,2.09,7.52,2,000,Running
40.007187,116.321241,56,-4,2009-06-03,12:56:0,5,-,0.01,11.15,2.23,8.03,2,000,Running
40.007094,116.321262,53,-3,2009-06-03,12:56:5,5,-,0.01,10.49,2.1,7.56,2,000,Running
40.006986,116.321277,53,0,2009-06-03,12:56:10,5,-,0.01,12.08,2.42,8.71,2,000,Running
40.006866,116.321261,54,1,2009-06-03,12:56:15,5,-,0.01,13.41,2.68,9.65,2,000,Running
40.006756,116.321283,56,2,2009-06-03,12:56:20,5,-,0.01,12.37,2.47,8.89,2,000,Running
40.006669,116.321288,60,4,2009-06-03,12:56:25,5,-,0.01,9.68,1.94,6.98,2,000,Running
40.006583,116.321251,63,3,2009-06-03,12:56:30,5,-,0.01,10.07,2.01,7.24,2,000,Running
40.006478,116.321225,66,3,2009-06-03,12:56:35,5,-,0.01,11.88,2.38,8.57,2,000,Running
40.006362,116.321217,71,5,2009-06-03,12:56:40,5,-,0.01,12.92,2.58,9.29,2,000,Running
40.006252,116.321247,75,4,2009-06-03,12:56:45,5,-,0.01,12.5,2.5,9.0,2,000,Running
40.00617,116.321327,79,4,2009-06-03,12:56:50,5,-,0.01,11.38,2.28,8.21,2,000,Running
40.005991,116.321335,81,2,2009-06-03,12:56:55,5,-,0.02,19.92,3.98,14.33,2,000,Bycicl/Car
40.005858,116.321381,85,4,2009-06-03,12:57:0,5,-,0.02,15.3,3.06,11.02,2,000,Running
40.005747,116.321345,88,3,2009-06-03,12:57:5,5,-,0.01,12.72,2.54,9.14,2,000,Running
40.005635,116.321298,94,6,2009-06-03,12:57:10,5,-,0.01,13.08,2.62,9.43,2,000,Running
40.005505,116.321274,99,5,2009-06-03,12:57:15,5,-,0.01,14.6,2.92,10.51,2,000,Running
40.005386,116.321265,103,4,2009-06-03,12:57:20,5,-,0.01,13.25,2.65,9.54,2,000,Running
40.005253,116.321297,106,3,2009-06-03,12:57:25,5,-,0.02,15.04,3.01,10.84,2,000,Running
40.005118,116.32138,109,3,2009-06-03,12:57:30,5,-,0.02,16.59,3.32,11.95,2,000,Running
40.00497,116.321411,111,2,2009-06-03,12:57:35,5,-,0.02,16.67,3.33,11.99,2,000,Running
40.004812,116.321433,115,4,2009-06-03,12:57:40,5,-,0.02,17.67,3.53,12.71,2,000,Bycicl/Car
40.004636,116.321365,111,-4,2009-06-03,12:57:45,5,-,0.02,20.41,4.08,14.69,2,000,Bycicl/Car
40.004464,116.32138,107,-4,2009-06-03,12:57:50,5,-,0.02,19.17,3.83,13.79,2,000,Bycicl/Car
40.00432,116.321404,106,-1,2009-06-03,12:57:55,5,-,0.02,16.14,3.23,11.63,2,000,Running
40.004125,116.321451,103,-3,2009-06-03,12:58:0,5,-,0.02,22.05,4.41,15.88,2,000,Bycicl/Car
40.003941,116.32145,103,0,2009-06-03,12:58:5,5,-,0.02,20.46,4.09,14.72,2,000,Bycicl/Car
40.003731,116.321458,101,-2,2009-06-03,12:58:10,5,-,0.02,23.36,4.67,16.81,2,000,Bycicl/Car
40.003598,116.321477,101,0,2009-06-03,12:58:15,5,-,0.01,14.88,2.98,10.73,2,000,Running
40.003431,116.32146,97,-4,2009-06-03,12:58:20,5,-,0.02,18.63,3.73,13.43,2,000,Bycicl/Car
40.003298,116.321439,96,-1,2009-06-03,12:58:25,5,-,0.01,14.9,2.98,10.73,2,000,Running
40.003117,116.321378,92,-4,2009-06-03,12:58:30,5,-,0.02,20.79,4.16,14.98,2,000,Bycicl/Car
40.003,116.321423,92,0,2009-06-03,12:58:35,5,-,0.01,13.56,2.71,9.76,2,000,Running
40.002868,116.32142,91,-1,2009-06-03,12:58:40,5,-,0.01,14.68,2.94,10.58,2,000,Running
40.00275,116.32145,90,-1,2009-06-03,12:58:45,5,-,0.01,13.37,2.67,9.61,2,000,Running
40.002666,116.321444,89,-1,2009-06-03,12:58:50,5,-,0.01,9.35,1.87,6.73,2,000,Running
40.002601,116.321446,89,0,2009-06-03,12:58:55,5,-,0.01,7.23,1.45,5.22,2,000,Running
40.002505,116.321491,89,0,2009-06-03,12:59:0,5,-,0.01,11.34,2.27,8.17,2,000,Running
40.002393,116.321558,90,1,2009-06-03,12:59:5,5,-,0.01,13.7,2.74,9.86,2,000,Running
40.00225,116.321647,90,0,2009-06-03,12:59:10,5,-,0.02,17.62,3.52,12.67,2,000,Bycicl/Car
40.00209,116.321646,91,1,2009-06-03,12:59:15,5,-,0.02,17.79,3.56,12.82,2,000,Bycicl/Car
40.001981,116.321634,94,3,2009-06-03,12:59:20,5,-,0.01,12.16,2.43,8.75,2,000,Running
40.001752,116.321641,93,-1,2009-06-03,12:59:25,5,-,0.03,25.47,5.09,18.32,2,000,Bycicl/Car
40.001608,116.321694,95,2,2009-06-03,12:59:30,5,-,0.02,16.64,3.33,11.99,2,000,Running
40.001443,116.321751,102,7,2009-06-03,12:59:35,5,-,0.02,18.98,3.8,13.68,2,000,Bycicl/Car
40.001165,116.321747,101,-1,2009-06-03,12:59:40,5,-,0.03,30.91,6.18,22.25,2,000,Metro
40.001081,116.321691,100,-1,2009-06-03,12:59:45,5,-,0.01,10.49,2.1,7.56,2,000,Running
40.00102,116.321746,100,0,2009-06-03,12:59:50,5,-,0.01,8.24,1.65,5.94,2,000,Running
40.000821,116.321759,98,-2,2009-06-03,12:59:55,5,-,0.02,22.16,4.43,15.95,2,000,Bycicl/Car
40.000642,116.321754,96,-2,2009-06-03,13:0:0,5,-,0.02,19.91,3.98,14.33,2,000,Bycicl/Car
40.000472,116.321838,95,-1,2009-06-03,13:0:5,5,-,0.02,20.21,4.04,14.54,2,000,Bycicl/Car
40.000286,116.321919,94,-1,2009-06-03,13:0:10,5,-,0.02,21.8,4.36,15.7,2,000,Bycicl/Car
40.000111,116.321954,96,2,2009-06-03,13:0:15,5,-,0.02,19.69,3.94,14.18,2,000,Bycicl/Car
39.999926,116.32197,97,1,2009-06-03,13:0:20,5,-,0.02,20.62,4.12,14.83,2,000,Bycicl/Car
39.999813,116.322024,101,4,2009-06-03,13:0:25,5,-,0.01,13.38,2.68,9.65,2,000,Running
39.999772,116.32205,100,-1,2009-06-03,13:0:30,5,-,0.01,5.07,1.01,3.64,2,000,Walking
39.999799,116.322097,93,-7,2009-06-03,13:0:35,5,-,0.01,5.0,1.0,3.6,2,000,Walking
39.999822,116.322221,91,-2,2009-06-03,13:0:40,5,-,0.01,10.87,2.17,7.81,2,000,Running
39.999843,116.322333,89,-2,2009-06-03,13:0:45,5,-,0.01,9.82,1.96,7.06,2,000,Running
39.999878,116.322471,86,-3,2009-06-03,13:0:50,5,-,0.01,12.38,2.48,8.93,2,000,Running
39.9999,116.322594,84,-2,2009-06-03,13:0:55,5,-,0.01,10.76,2.15,7.74,2,000,Running
39.999916,116.322771,83,-1,2009-06-03,13:1:0,5,-,0.02,15.18,3.04,10.94,2,000,Running
39.99994,116.323003,81,-2,2009-06-03,13:1:5,5,-,0.02,19.94,3.99,14.36,2,000,Bycicl/Car
39.999959,116.323218,79,-2,2009-06-03,13:1:10,5,-,0.02,18.44,3.69,13.28,2,000,Bycicl/Car
39.999958,116.323461,75,-4,2009-06-03,13:1:15,5,-,0.02,20.7,4.14,14.9,2,000,Bycicl/Car
39.999996,116.323707,70,-5,2009-06-03,13:1:20,5,-,0.02,21.38,4.28,15.41,2,000,Bycicl/Car
40.000044,116.323973,64,-6,2009-06-03,13:1:25,5,-,0.02,23.28,4.66,16.78,2,000,Bycicl/Car
40.000046,116.324204,61,-3,2009-06-03,13:1:30,5,-,0.02,19.68,3.94,14.18,2,000,Bycicl/Car
39.999942,116.324544,56,-5,2009-06-03,13:1:35,5,-,0.03,31.18,6.24,22.46,2,000,Metro
39.999942,116.324805,58,2,2009-06-03,13:1:40,5,-,0.02,22.23,4.45,16.02,2,000,Bycicl/Car
39.999949,116.325079,59,1,2009-06-03,13:1:45,5,-,0.02,23.35,4.67,16.81,2,000,Bycicl/Car
39.999982,116.325295,55,-4,2009-06-03,13:1:50,5,-,0.02,18.76,3.75,13.5,2,000,Bycicl/Car
39.99992,116.325611,48,-7,2009-06-03,13:1:55,5,-,0.03,27.79,5.56,20.02,2,000,Metro
39.999912,116.325865,41,-7,2009-06-03,13:2:0,5,-,0.02,21.65,4.33,15.59,2,000,Bycicl/Car
39.999887,116.326124,37,-4,2009-06-03,13:2:5,5,-,0.02,22.24,4.45,16.02,2,000,Bycicl/Car
39.99986,116.326357,37,0,2009-06-03,13:2:10,5,-,0.02,20.07,4.01,14.44,2,000,Bycicl/Car
39.999847,116.326634,39,2,2009-06-03,13:2:15,5,-,0.02,23.64,4.73,17.03,2,000,Bycicl/Car
39.999823,116.326874,42,3,2009-06-03,13:2:20,5,-,0.02,20.62,4.12,14.83,2,000,Bycicl/Car
39.999815,116.327047,43,1,2009-06-03,13:2:25,5,-,0.01,14.76,2.95,10.62,2,000,Running
39.999836,116.327196,46,3,2009-06-03,13:2:30,5,-,0.01,12.9,2.58,9.29,2,000,Running
39.999859,116.327315,47,1,2009-06-03,13:2:35,5,-,0.01,10.45,2.09,7.52,2,000,Running
39.999846,116.327348,53,6,2009-06-03,13:2:40,5,-,0.0,3.16,0.63,2.27,2,000,Walking
39.999836,116.327326,55,2,2009-06-03,13:2:45,5,-,0.0,2.18,0.44,1.58,2,000,Stopped
39.999835,116.327322,56,1,2009-06-03,13:2:50,5,-,0.0,0.36,0.07,0.25,2,000,Stopped
39.999835,116.327322,56,0,2009-06-03,13:2:53,3,-,0.0,0.0,0.0,0.0,2,000,Stopped
39.999833,116.32732,56,0,2009-06-03,13:2:55,2,-,0.0,0.28,0.14,0.5,2,000,Stopped
39.999832,116.32733,56,0,2009-06-03,13:3:0,5,-,0.0,0.86,0.17,0.61,2,000,Stopped
39.999832,116.32733,56,0,2009-06-03,13:3:3,3,-,0.0,0.0,0.0,0.0,2,000,Stopped
39.999836,116.327337,56,0,2009-06-03,13:3:5,2,-,0.0,0.74,0.37,1.33,2,000,Stopped
39.99984,116.327354,56,0,2009-06-03,13:3:10,5,-,0.0,1.51,0.3,1.08,2,000,Stopped
39.999838,116.327365,57,1,2009-06-03,13:3:15,5,-,0.0,0.96,0.19,0.68,2,000,Stopped
39.999837,116.327373,57,0,2009-06-03,13:3:20,5,-,0.0,0.69,0.14,0.5,2,000,Stopped
39.999837,116.327373,57,0,2009-06-03,13:3:23,3,-,0.0,0.0,0.0,0.0,2,000,Stopped
39.999838,116.327373,57,0,2009-06-03,13:3:25,2,-,0.0,0.11,0.06,0.22,2,000,Stopped
39.999815,116.327379,57,0,2009-06-03,13:3:30,5,-,0.0,2.61,0.52,1.87,2,000,Stopped
39.999915,116.325177,-106,-163,2009-06-03,14:55:35,6725,POI,0.19,187.9,0.03,0.11,2,000,Stopped
39.999934,116.325445,-138,-32,2009-06-03,14:55:40,5,-,0.02,22.93,4.59,16.52,2,000,Bycicl/Car
39.999962,116.326379,-57,81,2009-06-03,14:55:45,5,-,0.08,79.62,15.92,57.31,2,000,Car City
39.999964,116.326565,-37,20,2009-06-03,14:55:50,5,-,0.02,15.85,3.17,11.41,2,000,Running
39.999949,116.327398,45,82,2009-06-03,14:55:55,5,-,0.07,70.97,14.19,51.08,2,000,Car City
39.99992,116.327273,41,-4,2009-06-03,14:56:0,5,-,0.01,11.13,2.23,8.03,2,000,Running
39.999906,116.327165,42,1,2009-06-03,14:56:5,5,-,0.01,9.33,1.87,6.73,2,000,Running
39.999907,116.327063,44,2,2009-06-03,14:56:10,5,-,0.01,8.69,1.74,6.26,2,000,Running
39.999898,116.326959,43,-1,2009-06-03,14:56:15,5,-,0.01,8.92,1.78,6.41,2,000,Running
39.9999,116.326894,42,-1,2009-06-03,14:56:20,5,-,0.01,5.54,1.11,4.0,2,000,Running
39.999888,116.326872,42,0,2009-06-03,14:56:25,5,-,0.0,2.3,0.46,1.66,2,000,Stopped
39.999898,116.326859,41,-1,2009-06-03,14:56:30,5,-,0.0,1.57,0.31,1.12,2,000,Stopped
39.999913,116.326861,40,-1,2009-06-03,14:56:35,5,-,0.0,1.68,0.34,1.22,2,000,Stopped
39.999921,116.326858,40,0,2009-06-03,14:56:40,5,-,0.0,0.93,0.19,0.68,2,000,Stopped
39.999921,116.326858,40,0,2009-06-03,14:56:43,3,-,0.0,0.0,0.0,0.0,2,000,Stopped
39.999923,116.326859,40,0,2009-06-03,14:56:45,2,-,0.0,0.24,0.12,0.43,2,000,Stopped
39.999925,116.326776,39,-1,2009-06-03,14:56:50,5,-,0.01,7.07,1.41,5.08,2,000,Running
39.999924,116.326721,39,0,2009-06-03,14:56:55,5,-,0.0,4.69,0.94,3.38,2,000,Walking
39.999954,116.326626,38,-1,2009-06-03,14:57:0,5,-,0.01,8.75,1.75,6.3,2,000,Running
39.99995,116.326521,36,-2,2009-06-03,14:57:5,5,-,0.01,8.95,1.79,6.44,2,000,Running
39.99993,116.326436,35,-1,2009-06-03,14:57:10,5,-,0.01,7.57,1.51,5.44,2,000,Running
39.999918,116.326307,35,0,2009-06-03,14:57:15,5,-,0.01,11.07,2.21,7.96,2,000,Running
39.999921,116.3262,36,1,2009-06-03,14:57:20,5,-,0.01,9.12,1.82,6.55,2,000,Running
39.999919,116.32607,35,-1,2009-06-03,14:57:25,5,-,0.01,11.08,2.22,7.99,2,000,Running
39.999923,116.325966,34,-1,2009-06-03,14:57:30,5,-,0.01,8.87,1.77,6.37,2,000,Running
39.999941,116.325854,32,-2,2009-06-03,14:57:35,5,-,0.01,9.75,1.95,7.02,2,000,Running
39.999926,116.325754,28,-4,2009-06-03,14:57:40,5,-,0.01,8.68,1.74,6.26,2,000,Running
39.999913,116.325671,26,-2,2009-06-03,14:57:45,5,-,0.01,7.22,1.44,5.18,2,000,Running
39.999897,116.325579,23,-3,2009-06-03,14:57:50,5,-,0.01,8.04,1.61,5.8,2,000,Running
39.999907,116.325474,20,-3,2009-06-03,14:57:55,5,-,0.01,9.01,1.8,6.48,2,000,Running
39.999929,116.32537,16,-4,2009-06-03,14:58:0,5,-,0.01,9.19,1.84,6.62,2,000,Running
39.999909,116.325284,13,-3,2009-06-03,14:58:5,5,-,0.01,7.66,1.53,5.51,2,000,Running
39.9999,116.32518,10,-3,2009-06-03,14:58:10,5,-,0.01,8.92,1.78,6.41,2,000,Running
39.999899,116.325083,10,0,2009-06-03,14:58:15,5,-,0.01,8.26,1.65,5.94,2,000,Running
39.999893,116.324984,7,-3,2009-06-03,14:58:20,5,-,0.01,8.46,1.69,6.08,2,000,Running
39.999902,116.324869,5,-2,2009-06-03,14:58:25,5,-,0.01,9.85,1.97,7.09,2,000,Running
39.999925,116.32477,5,0,2009-06-03,14:58:30,5,-,0.01,8.81,1.76,6.34,2,000,Running
39.999942,116.32472,6,1,2009-06-03,14:58:35,5,-,0.0,4.66,0.93,3.35,2,000,Walking
39.999966,116.324721,8,2,2009-06-03,14:58:40,5,-,0.0,2.67,0.53,1.91,2,000,Stopped
39.999998,116.324753,10,2,2009-06-03,14:58:45,5,-,0.0,4.48,0.9,3.24,2,000,Walking
40.000076,116.324738,10,0,2009-06-03,14:58:50,5,-,0.01,8.77,1.75,6.3,2,000,Running
40.000175,116.324723,10,0,2009-06-03,14:58:55,5,-,0.01,11.08,2.22,7.99,2,000,Running
40.000278,116.324711,9,-1,2009-06-03,14:59:0,5,-,0.01,11.5,2.3,8.28,2,000,Running
40.000365,116.324724,11,2,2009-06-03,14:59:5,5,-,0.01,9.74,1.95,7.02,2,000,Running
40.000427,116.324744,14,3,2009-06-03,14:59:10,5,-,0.01,7.1,1.42,5.11,2,000,Running
40.000498,116.324741,17,3,2009-06-03,14:59:15,5,-,0.01,7.9,1.58,5.69,2,000,Running
40.000574,116.324738,19,2,2009-06-03,14:59:20,5,-,0.01,8.45,1.69,6.08,2,000,Running
40.000636,116.324735,23,4,2009-06-03,14:59:25,5,-,0.01,6.9,1.38,4.97,2,000,Running
40.000715,116.324719,27,4,2009-06-03,14:59:30,5,-,0.01,8.89,1.78,6.41,2,000,Running
40.000782,116.324711,29,2,2009-06-03,14:59:35,5,-,0.01,7.48,1.5,5.4,2,000,Running
40.000874,116.324684,28,-1,2009-06-03,14:59:40,5,-,0.01,10.49,2.1,7.56,2,000,Running
40.000945,116.324663,29,1,2009-06-03,14:59:45,5,-,0.01,8.09,1.62,5.83,2,000,Running
40.001092,116.32466,29,0,2009-06-03,14:59:50,5,-,0.02,16.35,3.27,11.77,2,000,Running
40.001302,116.324713,30,1,2009-06-03,14:59:55,5,-,0.02,23.78,4.76,17.14,2,000,Bycicl/Car
40.001381,116.324771,31,1,2009-06-03,15:0:0,5,-,0.01,10.08,2.02,7.27,2,000,Running
40.001453,116.324813,31,0,2009-06-03,15:0:5,5,-,0.01,8.77,1.75,6.3,2,000,Running
40.001541,116.324841,32,1,2009-06-03,15:0:10,5,-,0.01,10.07,2.01,7.24,2,000,Running
40.001649,116.32484,32,0,2009-06-03,15:0:15,5,-,0.01,12.01,2.4,8.64,2,000,Running
40.001785,116.324827,33,1,2009-06-03,15:0:20,5,-,0.02,15.16,3.03,10.91,2,000,Running
40.001923,116.324831,33,0,2009-06-03,15:0:25,5,-,0.02,15.35,3.07,11.05,2,000,Running
40.002072,116.324723,28,-5,2009-06-03,15:0:30,5,-,0.02,18.95,3.79,13.64,2,000,Bycicl/Car
40.002169,116.324679,24,-4,2009-06-03,15:0:35,5,-,0.01,11.42,2.28,8.21,2,000,Running
40.002268,116.324672,23,-1,2009-06-03,15:0:40,5,-,0.01,11.02,2.2,7.92,2,000,Running
40.002345,116.324686,21,-2,2009-06-03,15:0:45,5,-,0.01,8.64,1.73,6.23,2,000,Running
40.002435,116.32469,21,0,2009-06-03,15:0:50,5,-,0.01,10.01,2.0,7.2,2,000,Running
40.002532,116.324688,21,0,2009-06-03,15:0:55,5,-,0.01,10.79,2.16,7.78,2,000,Running
40.002649,116.324686,21,0,2009-06-03,15:1:0,5,-,0.01,13.01,2.6,9.36,2,000,Running
40.002766,116.324677,21,0,2009-06-03,15:1:5,5,-,0.01,13.03,2.61,9.4,2,000,Running
40.002879,116.324672,21,0,2009-06-03,15:1:10,5,-,0.01,12.57,2.51,9.04,2,000,Running
40.002991,116.324672,21,0,2009-06-03,15:1:15,5,-,0.01,12.45,2.49,8.96,2,000,Running
40.003113,116.324692,22,1,2009-06-03,15:1:20,5,-,0.01,13.67,2.73,9.83,2,000,Running
40.003224,116.324654,19,-3,2009-06-03,15:1:25,5,-,0.01,12.76,2.55,9.18,2,000,Running
40.003318,116.324629,17,-2,2009-06-03,15:1:30,5,-,0.01,10.67,2.13,7.67,2,000,Running
40.003395,116.32463,16,-1,2009-06-03,15:1:35,5,-,0.01,8.56,1.71,6.16,2,000,Running
40.003506,116.324619,15,-1,2009-06-03,15:1:40,5,-,0.01,12.38,2.48,8.93,2,000,Running
40.003633,116.324608,14,-1,2009-06-03,15:1:45,5,-,0.01,14.15,2.83,10.19,2,000,Running
40.003758,116.324597,13,-1,2009-06-03,15:1:50,5,-,0.01,13.93,2.79,10.04,2,000,Running
40.003901,116.324629,10,-3,2009-06-03,15:1:55,5,-,0.02,16.13,3.23,11.63,2,000,Running
40.004022,116.324604,10,0,2009-06-03,15:2:0,5,-,0.01,13.62,2.72,9.79,2,000,Running
40.00423,116.324649,3,-7,2009-06-03,15:2:5,5,-,0.02,23.44,4.69,16.88,2,000,Bycicl/Car
40.004547,116.324579,4,1,2009-06-03,15:2:10,5,-,0.04,35.75,7.15,25.74,2,000,Car City
40.004672,116.32457,3,-1,2009-06-03,15:2:15,5,-,0.01,13.92,2.78,10.01,2,000,Running
40.004802,116.324562,1,-2,2009-06-03,15:2:20,5,-,0.01,14.47,2.89,10.4,2,000,Running
40.00489,116.324565,0,-1,2009-06-03,15:2:25,5,-,0.01,9.79,1.96,7.06,2,000,Running
40.004961,116.324597,-1,-1,2009-06-03,15:2:30,5,-,0.01,8.35,1.67,6.01,2,000,Running
40.005181,116.324656,-2,-1,2009-06-03,15:2:35,5,-,0.02,24.97,4.99,17.96,2,000,Bycicl/Car
40.005301,116.324611,-2,0,2009-06-03,15:2:40,5,-,0.01,13.88,2.78,10.01,2,000,Running
40.005607,116.324587,0,2,2009-06-03,15:2:45,5,-,0.03,34.09,6.82,24.55,2,000,Car City
40.005669,116.324624,-1,-1,2009-06-03,15:2:50,5,-,0.01,7.58,1.52,5.47,2,000,Running
40.00578,116.324658,-1,0,2009-06-03,15:2:55,5,-,0.01,12.68,2.54,9.14,2,000,Running
40.005927,116.324686,-1,0,2009-06-03,15:3:0,5,-,0.02,16.52,3.3,11.88,2,000,Running
40.006017,116.32455,-2,-1,2009-06-03,15:3:5,5,-,0.02,15.31,3.06,11.02,2,000,Running
40.00619,116.324552,-2,0,2009-06-03,15:3:10,5,-,0.02,19.24,3.85,13.86,2,000,Bycicl/Car
40.006334,116.324685,0,2,2009-06-03,15:3:15,5,-,0.02,19.61,3.92,14.11,2,000,Bycicl/Car
40.006456,116.324779,4,4,2009-06-03,15:3:20,5,-,0.02,15.75,3.15,11.34,2,000,Running
40.006584,116.324861,10,6,2009-06-03,15:3:25,5,-,0.02,15.85,3.17,11.41,2,000,Running
40.006673,116.324809,9,-1,2009-06-03,15:3:30,5,-,0.01,10.84,2.17,7.81,2,000,Running
40.006762,116.324749,3,-6,2009-06-03,15:3:35,5,-,0.01,11.14,2.23,8.03,2,000,Running
40.006844,116.324702,-3,-6,2009-06-03,15:3:40,5,-,0.01,9.96,1.99,7.16,2,000,Running
40.006909,116.324711,-3,0,2009-06-03,15:3:45,5,-,0.01,7.27,1.45,5.22,2,000,Running
40.007049,116.32471,-5,-2,2009-06-03,15:3:50,5,-,0.02,15.57,3.11,11.2,2,000,Running
40.0071,116.324431,0,5,2009-06-03,15:3:55,5,-,0.02,24.43,4.89,17.6,2,000,Bycicl/Car
40.007189,116.324367,0,0,2009-06-03,15:4:0,5,-,0.01,11.3,2.26,8.14,2,000,Running
40.007296,116.324328,0,0,2009-06-03,15:4:5,5,-,0.01,12.35,2.47,8.89,2,000,Running
40.007393,116.324278,2,2,2009-06-03,15:4:10,5,-,0.01,11.6,2.32,8.35,2,000,Running
40.007514,116.324263,1,-1,2009-06-03,15:4:15,5,-,0.01,13.52,2.7,9.72,2,000,Running
40.007615,116.324248,4,3,2009-06-03,15:4:20,5,-,0.01,11.3,2.26,8.14,2,000,Running
40.007719,116.324184,10,6,2009-06-03,15:4:25,5,-,0.01,12.78,2.56,9.22,2,000,Running
40.007755,116.324157,20,10,2009-06-03,15:4:30,5,-,0.0,4.62,0.92,3.31,2,000,Walking
40.007787,116.324093,21,1,2009-06-03,15:4:35,5,-,0.01,6.51,1.3,4.68,2,000,Running
40.007791,116.323971,21,0,2009-06-03,15:4:40,5,-,0.01,10.4,2.08,7.49,2,000,Running
40.007785,116.323854,21,0,2009-06-03,15:4:45,5,-,0.01,9.99,2.0,7.2,2,000,Running
40.007783,116.323738,21,0,2009-06-03,15:4:50,5,-,0.01,9.88,1.98,7.13,2,000,Running
40.007771,116.3236,21,0,2009-06-03,15:4:55,5,-,0.01,11.83,2.37,8.53,2,000,Running
40.007768,116.323455,21,0,2009-06-03,15:5:0,5,-,0.01,12.35,2.47,8.89,2,000,Running
40.00776,116.323291,21,0,2009-06-03,15:5:5,5,-,0.01,14.0,2.8,10.08,2,000,Running
40.007737,116.323156,20,-1,2009-06-03,15:5:10,5,-,0.01,11.78,2.36,8.5,2,000,Running
40.007729,116.322996,19,-1,2009-06-03,15:5:15,5,-,0.01,13.66,2.73,9.83,2,000,Running
40.007777,116.322745,19,0,2009-06-03,15:5:20,5,-,0.02,22.03,4.41,15.88,2,000,Bycicl/Car
40.00787,116.322728,17,-2,2009-06-03,15:5:25,5,-,0.01,10.44,2.09,7.52,2,000,Running
40.008009,116.32271,14,-3,2009-06-03,15:5:30,5,-,0.02,15.53,3.11,11.2,2,000,Running
40.008142,116.322717,14,0,2009-06-03,15:5:35,5,-,0.01,14.8,2.96,10.66,2,000,Running
40.008279,116.322684,12,-2,2009-06-03,15:5:40,5,-,0.02,15.49,3.1,11.16,2,000,Running
40.008338,116.322604,18,6,2009-06-03,15:5:45,5,-,0.01,9.46,1.89,6.8,2,000,Running
40.008387,116.322531,19,1,2009-06-03,15:5:50,5,-,0.01,8.27,1.65,5.94,2,000,Running
40.008384,116.322478,19,0,2009-06-03,15:5:55,5,-,0.0,4.53,0.91,3.28,2,000,Walking
40.008384,116.322478,19,0,2009-06-03,15:5:58,3,-,0.0,0.0,0.0,0.0,2,000,Stopped
40.008383,116.32247,19,0,2009-06-03,15:6:0,2,-,0.0,0.69,0.34,1.22,2,000,Stopped
40.008392,116.32247,19,0,2009-06-03,15:6:5,5,-,0.0,1.0,0.2,0.72,2,000,Stopped
40.008392,116.32247,19,0,2009-06-03,15:6:8,3,-,0.0,0.0,0.0,0.0,2,000,Stopped
40.008396,116.322469,19,0,2009-06-03,15:6:10,2,-,0.0,0.45,0.23,0.83,2,000,Stopped
40.008344,116.322136,54,35,2009-06-03,15:11:42,332,SP,0.03,28.94,0.09,0.32,2,000,Stopped
40.008437,116.32257,29,-25,2009-06-03,15:11:47,5,-,0.04,38.38,7.68,27.65,2,000,Car City
40.008342,116.32257,26,-3,2009-06-03,15:11:52,5,-,0.01,10.56,2.11,7.6,2,000,Running
40.008333,116.322568,24,-2,2009-06-03,15:11:57,5,-,0.0,1.02,0.2,0.72,2,000,Stopped
40.00836,116.322572,23,-1,2009-06-03,15:12:2,5,-,0.0,3.02,0.6,2.16,2,000,Walking
40.00836,116.322572,23,0,2009-06-03,15:12:5,3,-,0.0,0.0,0.0,0.0,2,000,Stopped
40.00836,116.322572,22,-1,2009-06-03,15:12:7,2,-,0.0,0.0,0.0,0.0,2,000,Stopped
40.008377,116.322606,22,0,2009-06-03,15:12:12,5,-,0.0,3.46,0.69,2.48,2,000,Walking
40.008311,116.322643,23,1,2009-06-03,15:12:17,5,-,0.01,7.99,1.6,5.76,2,000,Running
40.008302,116.322637,22,-1,2009-06-03,15:12:22,5,-,0.0,1.12,0.22,0.79,2,000,Stopped
40.008302,116.322637,22,0,2009-06-03,15:12:25,3,-,0.0,0.0,0.0,0.0,2,000,Stopped
40.0083,116.322637,22,0,2009-06-03,15:12:27,2,-,0.0,0.22,0.11,0.4,2,000,Stopped
40.008257,116.322659,20,-2,2009-06-03,15:12:32,5,-,0.01,5.14,1.03,3.71,2,000,Walking
40.008153,116.32266,23,3,2009-06-03,15:12:37,5,-,0.01,11.56,2.31,8.32,2,000,Running
40.008044,116.322659,25,2,2009-06-03,15:12:42,5,-,0.01,12.12,2.42,8.71,2,000,Running
40.00792,116.322656,24,-1,2009-06-03,15:12:47,5,-,0.01,13.79,2.76,9.94,2,000,Running
40.007791,116.322659,24,0,2009-06-03,15:12:52,5,-,0.01,14.35,2.87,10.33,2,000,Running
40.007736,116.322575,25,1,2009-06-03,15:12:57,5,-,0.01,9.41,1.88,6.77,2,000,Running
40.007752,116.322431,25,0,2009-06-03,15:13:2,5,-,0.01,12.39,2.48,8.93,2,000,Running
40.007796,116.322283,25,0,2009-06-03,15:13:7,5,-,0.01,13.52,2.7,9.72,2,000,Running
40.007869,116.322131,25,0,2009-06-03,15:13:12,5,-,0.02,15.28,3.06,11.02,2,000,Running
40.007939,116.321966,24,-1,2009-06-03,15:13:17,5,-,0.02,16.06,3.21,11.56,2,000,Running
40.007998,116.321792,24,0,2009-06-03,15:13:22,5,-,0.02,16.21,3.24,11.66,2,000,Running
40.008051,116.321653,23,-1,2009-06-03,15:13:27,5,-,0.01,13.22,2.64,9.5,2,000,Running
40.00811,116.32149,22,-1,2009-06-03,15:13:32,5,-,0.02,15.35,3.07,11.05,2,000,Running
40.008164,116.321308,21,-1,2009-06-03,15:13:37,5,-,0.02,16.62,3.32,11.95,2,000,Running
40.008099,116.321143,24,3,2009-06-03,15:13:42,5,-,0.02,15.8,3.16,11.38,2,000,Running
40.007974,116.321091,25,1,2009-06-03,15:13:47,5,-,0.01,14.59,2.92,10.51,2,000,Running
40.007869,116.321099,25,0,2009-06-03,15:13:52,5,-,0.01,11.7,2.34,8.42,2,000,Running
40.00775,116.321098,25,0,2009-06-03,15:13:57,5,-,0.01,13.23,2.65,9.54,2,000,Running
40.007627,116.321098,25,0,2009-06-03,15:14:2,5,-,0.01,13.68,2.74,9.86,2,000,Running
40.007484,116.321111,26,1,2009-06-03,15:14:7,5,-,0.02,15.94,3.19,11.48,2,000,Running
40.007359,116.321116,26,0,2009-06-03,15:14:12,5,-,0.01,13.91,2.78,10.01,2,000,Running
40.007214,116.321118,26,0,2009-06-03,15:14:17,5,-,0.02,16.12,3.22,11.59,2,000,Running
40.007061,116.321138,27,1,2009-06-03,15:14:22,5,-,0.02,17.1,3.42,12.31,2,000,Bycicl/Car
40.006908,116.321168,28,1,2009-06-03,15:14:27,5,-,0.02,17.2,3.44,12.38,2,000,Bycicl/Car
40.006778,116.321144,27,-1,2009-06-03,15:14:32,5,-,0.01,14.6,2.92,10.51,2,000,Running
40.00677,116.320999,26,-1,2009-06-03,15:14:37,5,-,0.01,12.38,2.48,8.93,2,000,Running
40.006774,116.32084,25,-1,2009-06-03,15:14:42,5,-,0.01,13.55,2.71,9.76,2,000,Running
40.006772,116.320661,24,-1,2009-06-03,15:14:47,5,-,0.02,15.25,3.05,10.98,2,000,Running
40.006767,116.320486,23,-1,2009-06-03,15:14:52,5,-,0.01,14.92,2.98,10.73,2,000,Running
40.006756,116.320304,22,-1,2009-06-03,15:14:57,5,-,0.02,15.55,3.11,11.2,2,000,Running
40.006743,116.320142,22,0,2009-06-03,15:15:2,5,-,0.01,13.87,2.77,9.97,2,000,Running
40.006736,116.319985,21,-1,2009-06-03,15:15:7,5,-,0.01,13.39,2.68,9.65,2,000,Running
40.006728,116.319826,20,-1,2009-06-03,15:15:12,5,-,0.01,13.57,2.71,9.76,2,000,Running
40.006727,116.319653,20,0,2009-06-03,15:15:17,5,-,0.01,14.74,2.95,10.62,2,000,Running
40.006702,116.31945,19,-1,2009-06-03,15:15:22,5,-,0.02,17.51,3.5,12.6,2,000,Bycicl/Car
40.006651,116.319274,22,3,2009-06-03,15:15:27,5,-,0.02,16.03,3.21,11.56,2,000,Running
40.006591,116.319108,24,2,2009-06-03,15:15:32,5,-,0.02,15.63,3.13,11.27,2,000,Running
40.006569,116.318956,23,-1,2009-06-03,15:15:37,5,-,0.01,13.18,2.64,9.5,2,000,Running
40.006532,116.318694,22,-1,2009-06-03,15:15:42,5,-,0.02,22.69,4.54,16.34,2,000,Bycicl/Car
40.006526,116.318478,21,-1,2009-06-03,15:15:47,5,-,0.02,18.41,3.68,13.25,2,000,Bycicl/Car
40.006525,116.318283,21,0,2009-06-03,15:15:52,5,-,0.02,16.61,3.32,11.95,2,000,Running
40.006516,116.318096,21,0,2009-06-03,15:15:57,5,-,0.02,15.96,3.19,11.48,2,000,Running
40.006496,116.317913,20,-1,2009-06-03,15:16:2,5,-,0.02,15.74,3.15,11.34,2,000,Running
40.006555,116.317819,18,-2,2009-06-03,15:16:7,5,-,0.01,10.35,2.07,7.45,2,000,Running
40.006679,116.317803,17,-1,2009-06-03,15:16:12,5,-,0.01,13.86,2.77,9.97,2,000,Running
40.006788,116.317753,21,4,2009-06-03,15:16:17,5,-,0.01,12.85,2.57,9.25,2,000,Running
40.006936,116.317766,21,0,2009-06-03,15:16:22,5,-,0.02,16.49,3.3,11.88,2,000,Running
40.007063,116.317758,25,4,2009-06-03,15:16:27,5,-,0.01,14.14,2.83,10.19,2,000,Running
40.00718,116.317759,26,1,2009-06-03,15:16:32,5,-,0.01,13.01,2.6,9.36,2,000,Running
40.00733,116.317777,29,3,2009-06-03,15:16:37,5,-,0.02,16.75,3.35,12.06,2,000,Bycicl/Car
40.007472,116.317785,30,1,2009-06-03,15:16:42,5,-,0.02,15.8,3.16,11.38,2,000,Running
40.007562,116.317778,32,2,2009-06-03,15:16:47,5,-,0.01,10.03,2.01,7.24,2,000,Running
40.00768,116.317745,34,2,2009-06-03,15:16:52,5,-,0.01,13.42,2.68,9.65,2,000,Running
40.007859,116.317748,33,-1,2009-06-03,15:16:57,5,-,0.02,19.91,3.98,14.33,2,000,Bycicl/Car
40.007999,116.317761,33,0,2009-06-03,15:17:2,5,-,0.02,15.61,3.12,11.23,2,000,Running
40.008155,116.317764,33,0,2009-06-03,15:17:7,5,-,0.02,17.35,3.47,12.49,2,000,Bycicl/Car
40.008331,116.31776,30,-3,2009-06-03,15:17:12,5,-,0.02,19.57,3.91,14.08,2,000,Bycicl/Car
40.008465,116.317757,32,2,2009-06-03,15:17:17,5,-,0.01,14.9,2.98,10.73,2,000,Running
40.008597,116.31776,32,0,2009-06-03,15:17:22,5,-,0.01,14.68,2.94,10.58,2,000,Running
40.008734,116.317745,30,-2,2009-06-03,15:17:27,5,-,0.02,15.29,3.06,11.02,2,000,Running
40.008846,116.317762,33,3,2009-06-03,15:17:32,5,-,0.01,12.54,2.51,9.04,2,000,Running
40.009005,116.31769,31,-2,2009-06-03,15:17:37,5,-,0.02,18.71,3.74,13.46,2,000,Bycicl/Car
40.009076,116.317511,28,-3,2009-06-03,15:17:42,5,-,0.02,17.17,3.43,12.35,2,000,Bycicl/Car
40.009095,116.31732,26,-2,2009-06-03,15:17:47,5,-,0.02,16.4,3.28,11.81,2,000,Running
40.009098,116.317132,26,0,2009-06-03,15:17:52,5,-,0.02,16.02,3.2,11.52,2,000,Running
40.009082,116.316968,26,0,2009-06-03,15:17:57,5,-,0.01,14.08,2.82,10.15,2,000,Running
40.009064,116.316799,26,0,2009-06-03,15:18:2,5,-,0.01,14.53,2.91,10.48,2,000,Running
40.009015,116.316626,27,1,2009-06-03,15:18:7,5,-,0.02,15.71,3.14,11.3,2,000,Running
40.009006,116.316523,27,0,2009-06-03,15:18:12,5,-,0.01,8.83,1.77,6.37,2,000,Running
40.009004,116.316503,27,0,2009-06-03,15:18:17,5,-,0.0,1.72,0.34,1.22,2,000,Stopped
40.009004,116.316494,28,1,2009-06-03,15:18:22,5,-,0.0,0.77,0.15,0.54,2,000,Stopped
40.009004,116.316486,28,0,2009-06-03,15:18:27,5,-,0.0,0.68,0.14,0.5,2,000,Stopped
40.009004,116.316487,28,0,2009-06-03,15:18:32,5,-,0.0,0.09,0.02,0.07,2,000,Stopped
40.009004,116.316487,28,0,2009-06-03,15:18:35,3,-,0.0,0.0,0.0,0.0,2,000,Stopped
40.009004,116.316486,27,-1,2009-06-03,15:18:37,2,-,0.0,0.09,0.04,0.14,2,000,Stopped
40.009008,116.316507,28,1,2009-06-03,15:18:42,5,-,0.0,1.84,0.37,1.33,2,000,Stopped
40.008998,116.316518,26,-2,2009-06-03,15:18:47,5,-,0.0,1.45,0.29,1.04,2,000,Stopped
40.008998,116.316518,26,0,2009-06-03,15:18:50,3,-,0.0,0.0,0.0,0.0,2,000,Stopped
40.008999,116.316522,26,0,2009-06-03,15:18:52,2,-,0.0,0.36,0.18,0.65,2,000,Stopped
40.009007,116.316535,26,0,2009-06-03,15:18:57,5,-,0.0,1.42,0.28,1.01,2,000,Stopped
40.009009,116.316547,26,0,2009-06-03,15:19:2,5,-,0.0,1.05,0.21,0.76,2,000,Stopped
40.00901,116.316559,26,0,2009-06-03,15:19:7,5,-,0.0,1.03,0.21,0.76,2,000,Stopped
40.00901,116.316559,26,0,2009-06-03,15:19:10,3,-,0.0,0.0,0.0,0.0,2,000,Stopped
40.009011,116.316564,26,0,2009-06-03,15:19:12,2,-,0.0,0.44,0.22,0.79,2,000,Stopped
40.009057,116.316598,26,0,2009-06-03,15:19:17,5,-,0.01,5.88,1.18,4.25,2,000,Running
40.009111,116.316605,26,0,2009-06-03,15:19:22,5,-,0.01,6.03,1.21,4.36,2,000,Running
40.009137,116.316606,26,0,2009-06-03,15:19:27,5,-,0.0,2.89,0.58,2.09,2,000,Walking
40.009158,116.316619,26,0,2009-06-03,15:19:32,5,-,0.0,2.58,0.52,1.87,2,000,Stopped
40.009218,116.316616,26,0,2009-06-03,15:19:37,5,-,0.01,6.68,1.34,4.82,2,000,Running
40.008953,116.316499,24,-2,2009-06-03,16:23:14,3817,POI,0.03,31.11,0.01,0.04,2,000,Stopped
40.00896,116.316489,31,7,2009-06-03,16:23:19,5,-,0.0,1.15,0.23,0.83,2,000,Stopped
40.008972,116.316479,28,-3,2009-06-03,16:23:24,5,-,0.0,1.58,0.32,1.15,2,000,Stopped
40.008987,116.316482,31,3,2009-06-03,16:23:29,5,-,0.0,1.69,0.34,1.22,2,000,Stopped
40.008995,116.316496,34,3,2009-06-03,16:23:34,5,-,0.0,1.49,0.3,1.08,2,000,Stopped
40.009005,116.316529,35,1,2009-06-03,16:23:39,5,-,0.0,3.02,0.6,2.16,2,000,Walking
40.009036,116.316583,37,2,2009-06-03,16:23:44,5,-,0.01,5.75,1.15,4.14,2,000,Running
40.009053,116.316662,37,0,2009-06-03,16:23:49,5,-,0.01,6.99,1.4,5.04,2,000,Running
40.0091,116.316732,38,1,2009-06-03,16:23:54,5,-,0.01,7.93,1.59,5.72,2,000,Running
40.009086,116.316814,39,1,2009-06-03,16:23:59,5,-,0.01,7.16,1.43,5.15,2,000,Running
40.009116,116.31688,40,1,2009-06-03,16:24:4,5,-,0.01,6.54,1.31,4.72,2,000,Running
40.009129,116.316929,40,0,2009-06-03,16:24:9,5,-,0.0,4.42,0.88,3.17,2,000,Walking
40.009144,116.317035,40,0,2009-06-03,16:24:14,5,-,0.01,9.18,1.84,6.62,2,000,Running
40.009144,116.317113,42,2,2009-06-03,16:24:19,5,-,0.01,6.64,1.33,4.79,2,000,Running
40.009137,116.317197,45,3,2009-06-03,16:24:24,5,-,0.01,7.2,1.44,5.18,2,000,Running
40.009136,116.317288,45,0,2009-06-03,16:24:29,5,-,0.01,7.75,1.55,5.58,2,000,Running
40.009135,116.317391,48,3,2009-06-03,16:24:34,5,-,0.01,8.77,1.75,6.3,2,000,Running
40.009114,116.317503,51,3,2009-06-03,16:24:39,5,-,0.01,9.82,1.96,7.06,2,000,Running
40.009046,116.317618,53,2,2009-06-03,16:24:44,5,-,0.01,12.37,2.47,8.89,2,000,Running
40.008973,116.317676,56,3,2009-06-03,16:24:49,5,-,0.01,9.5,1.9,6.84,2,000,Running
40.008899,116.317679,58,2,2009-06-03,16:24:54,5,-,0.01,8.23,1.65,5.94,2,000,Running
40.008823,116.317703,60,2,2009-06-03,16:24:59,5,-,0.01,8.69,1.74,6.26,2,000,Running
40.00875,116.317676,62,2,2009-06-03,16:25:4,5,-,0.01,8.44,1.69,6.08,2,000,Running
40.008591,116.317642,63,1,2009-06-03,16:25:9,5,-,0.02,17.92,3.58,12.89,2,000,Bycicl/Car
40.008461,116.317678,65,2,2009-06-03,16:25:14,5,-,0.01,14.78,2.96,10.66,2,000,Running
40.008395,116.317666,68,3,2009-06-03,16:25:19,5,-,0.01,7.41,1.48,5.33,2,000,Running
40.008331,116.317656,71,3,2009-06-03,16:25:24,5,-,0.01,7.17,1.43,5.15,2,000,Running
40.008207,116.31766,72,1,2009-06-03,16:25:29,5,-,0.01,13.79,2.76,9.94,2,000,Running
40.008063,116.317666,73,1,2009-06-03,16:25:34,5,-,0.02,16.02,3.2,11.52,2,000,Running
40.008023,116.317686,74,1,2009-06-03,16:25:39,5,-,0.0,4.76,0.95,3.42,2,000,Walking
40.007952,116.317739,76,2,2009-06-03,16:25:44,5,-,0.01,9.09,1.82,6.55,2,000,Running
40.007901,116.317735,78,2,2009-06-03,16:25:49,5,-,0.01,5.68,1.14,4.1,2,000,Running
40.007764,116.317715,78,0,2009-06-03,16:25:54,5,-,0.02,15.33,3.07,11.05,2,000,Running
40.007666,116.317702,80,2,2009-06-03,16:25:59,5,-,0.01,10.95,2.19,7.88,2,000,Running
40.007595,116.317678,83,3,2009-06-03,16:26:4,5,-,0.01,8.16,1.63,5.87,2,000,Running
40.007529,116.317631,85,2,2009-06-03,16:26:9,5,-,0.01,8.36,1.67,6.01,2,000,Running
40.007422,116.317593,87,2,2009-06-03,16:26:14,5,-,0.01,12.33,2.47,8.89,2,000,Running
40.007228,116.317567,88,1,2009-06-03,16:26:19,5,-,0.02,21.69,4.34,15.62,2,000,Bycicl/Car
40.007145,116.317581,90,2,2009-06-03,16:26:24,5,-,0.01,9.31,1.86,6.7,2,000,Running
40.007081,116.317582,91,1,2009-06-03,16:26:29,5,-,0.01,7.12,1.42,5.11,2,000,Running
40.00696,116.317585,92,1,2009-06-03,16:26:34,5,-,0.01,13.46,2.69,9.68,2,000,Running
40.00682,116.317635,93,1,2009-06-03,16:26:39,5,-,0.02,16.14,3.23,11.63,2,000,Running
40.006705,116.317654,94,1,2009-06-03,16:26:44,5,-,0.01,12.89,2.58,9.29,2,000,Running
40.0066,116.317686,95,1,2009-06-03,16:26:49,5,-,0.01,11.99,2.4,8.64,2,000,Running
40.006507,116.317685,97,2,2009-06-03,16:26:54,5,-,0.01,10.34,2.07,7.45,2,000,Running
40.006435,116.31768,99,2,2009-06-03,16:26:59,5,-,0.01,8.02,1.6,5.76,2,000,Running
40.006351,116.317731,98,-1,2009-06-03,16:27:4,5,-,0.01,10.3,2.06,7.42,2,000,Running
40.006346,116.31787,96,-2,2009-06-03,16:27:9,5,-,0.01,11.85,2.37,8.53,2,000,Running
40.006389,116.317975,94,-2,2009-06-03,16:27:14,5,-,0.01,10.14,2.03,7.31,2,000,Running
40.00641,116.318102,93,-1,2009-06-03,16:27:19,5,-,0.01,11.07,2.21,7.96,2,000,Running
40.006444,116.318243,89,-4,2009-06-03,16:27:24,5,-,0.01,12.59,2.52,9.07,2,000,Running
40.006419,116.3184,89,0,2009-06-03,16:27:29,5,-,0.01,13.66,2.73,9.83,2,000,Running
40.006415,116.318528,87,-2,2009-06-03,16:27:34,5,-,0.01,10.91,2.18,7.85,2,000,Running
40.006402,116.318639,86,-1,2009-06-03,16:27:39,5,-,0.01,9.56,1.91,6.88,2,000,Running
40.006393,116.318768,86,0,2009-06-03,16:27:44,5,-,0.01,11.03,2.21,7.96,2,000,Running
40.006457,116.318889,83,-3,2009-06-03,16:27:49,5,-,0.01,12.52,2.5,9.0,2,000,Running
40.006475,116.319003,80,-3,2009-06-03,16:27:54,5,-,0.01,9.91,1.98,7.13,2,000,Running
40.006539,116.319069,79,-1,2009-06-03,16:27:59,5,-,0.01,9.07,1.81,6.52,2,000,Running
40.006575,116.31915,78,-1,2009-06-03,16:28:4,5,-,0.01,7.98,1.6,5.76,2,000,Running
40.006605,116.319266,76,-2,2009-06-03,16:28:9,5,-,0.01,10.43,2.09,7.52,2,000,Running
40.006626,116.319322,75,-1,2009-06-03,16:28:14,5,-,0.01,5.31,1.06,3.82,2,000,Walking
40.00668,116.319343,75,0,2009-06-03,16:28:19,5,-,0.01,6.27,1.25,4.5,2,000,Running
40.006748,116.319383,76,1,2009-06-03,16:28:24,5,-,0.01,8.29,1.66,5.98,2,000,Running
40.00687,116.319417,73,-3,2009-06-03,16:28:29,5,-,0.01,13.87,2.77,9.97,2,000,Running
40.007014,116.319448,69,-4,2009-06-03,16:28:34,5,-,0.02,16.23,3.25,11.7,2,000,Running
40.007117,116.319452,69,0,2009-06-03,16:28:39,5,-,0.01,11.46,2.29,8.24,2,000,Running
40.007214,116.319472,66,-3,2009-06-03,16:28:44,5,-,0.01,10.92,2.18,7.85,2,000,Running
40.007333,116.319474,62,-4,2009-06-03,16:28:49,5,-,0.01,13.23,2.65,9.54,2,000,Running
40.007399,116.319553,59,-3,2009-06-03,16:28:54,5,-,0.01,9.96,1.99,7.16,2,000,Running
40.007497,116.31964,60,1,2009-06-03,16:28:59,5,-,0.01,13.18,2.64,9.5,2,000,Running
40.007562,116.319698,59,-1,2009-06-03,16:29:4,5,-,0.01,8.75,1.75,6.3,2,000,Running
40.007644,116.319749,58,-1,2009-06-03,16:29:9,5,-,0.01,10.1,2.02,7.27,2,000,Running
40.007714,116.319736,57,-1,2009-06-03,16:29:14,5,-,0.01,7.86,1.57,5.65,2,000,Running
40.007753,116.31968,54,-3,2009-06-03,16:29:19,5,-,0.01,6.45,1.29,4.64,2,000,Running
40.007768,116.319656,52,-2,2009-06-03,16:29:24,5,-,0.0,2.64,0.53,1.91,2,000,Stopped
40.007768,116.319656,52,0,2009-06-03,16:29:27,3,-,0.0,0.0,0.0,0.0,2,000,Stopped
40.007776,116.319657,51,-1,2009-06-03,16:29:29,2,-,0.0,0.89,0.45,1.62,2,000,Stopped
40.007771,116.319639,51,0,2009-06-03,16:29:34,5,-,0.0,1.63,0.33,1.19,2,000,Stopped
40.007769,116.319656,51,0,2009-06-03,16:29:39,5,-,0.0,1.46,0.29,1.04,2,000,Stopped
40.007781,116.319658,51,0,2009-06-03,16:29:44,5,-,0.0,1.35,0.27,0.97,2,000,Stopped
40.007805,116.319646,51,0,2009-06-03,16:29:49,5,-,0.0,2.86,0.57,2.05,2,000,Walking
40.007815,116.319625,51,0,2009-06-03,16:29:54,5,-,0.0,2.11,0.42,1.51,2,000,Stopped
40.007806,116.31961,50,-1,2009-06-03,16:29:59,5,-,0.0,1.62,0.32,1.15,2,000,Stopped
40.007814,116.319624,50,0,2009-06-03,16:30:4,5,-,0.0,1.49,0.3,1.08,2,000,Stopped
